prompt_idx,dim_0000,dim_0001,dim_0002,dim_0003,dim_0004,dim_0005,dim_0006,dim_0007,dim_0008,dim_0009,dim_0010,dim_0011,dim_0012,dim_0013,dim_0014,dim_0015,dim_0016,dim_0017,dim_0018,dim_0019,dim_0020,dim_0021,dim_0022,dim_0023,dim_0024,dim_0025,dim_0026,dim_0027,dim_0028,dim_0029,dim_0030,dim_0031,dim_0032,dim_0033,dim_0034,dim_0035,dim_0036,dim_0037,dim_0038,dim_0039,dim_0040,dim_0041,dim_0042,dim_0043,dim_0044,dim_0045,dim_0046,dim_0047,dim_0048,dim_0049,dim_0050,dim_0051,dim_0052,dim_0053,dim_0054,dim_0055,dim_0056,dim_0057,dim_0058,dim_0059,dim_0060,dim_0061,dim_0062,dim_0063,dim_0064,dim_0065,dim_0066,dim_0067,dim_0068,dim_0069,dim_0070,dim_0071,dim_0072,dim_0073,dim_0074,dim_0075,dim_0076,dim_0077,dim_0078,dim_0079,dim_0080,dim_0081,dim_0082,dim_0083,dim_0084,dim_0085,dim_0086,dim_0087,dim_0088,dim_0089,dim_0090,dim_0091,dim_0092,dim_0093,dim_0094,dim_0095,dim_0096,dim_0097,dim_0098,dim_0099,dim_0100,dim_0101,dim_0102,dim_0103,dim_0104,dim_0105,dim_0106,dim_0107,dim_0108,dim_0109,dim_0110,dim_0111,dim_0112,dim_0113,dim_0114,dim_0115,dim_0116,dim_0117,dim_0118,dim_0119,dim_0120,dim_0121,dim_0122,dim_0123,dim_0124,dim_0125,dim_0126,dim_0127,dim_0128,dim_0129,dim_0130,dim_0131,dim_0132,dim_0133,dim_0134,dim_0135,dim_0136,dim_0137,dim_0138,dim_0139,dim_0140,dim_0141,dim_0142,dim_0143,dim_0144,dim_0145,dim_0146,dim_0147,dim_0148,dim_0149,dim_0150,dim_0151,dim_0152,dim_0153,dim_0154,dim_0155,dim_0156,dim_0157,dim_0158,dim_0159,dim_0160,dim_0161,dim_0162,dim_0163,dim_0164,dim_0165,dim_0166,dim_0167,dim_0168,dim_0169,dim_0170,dim_0171,dim_0172,dim_0173,dim_0174,dim_0175,dim_0176,dim_0177,dim_0178,dim_0179,dim_0180,dim_0181,dim_0182,dim_0183,dim_0184,dim_0185,dim_0186,dim_0187,dim_0188,dim_0189,dim_0190,dim_0191,dim_0192,dim_0193,dim_0194,dim_0195,dim_0196,dim_0197,dim_0198,dim_0199,dim_0200,dim_0201,dim_0202,dim_0203,dim_0204,dim_0205,dim_0206,dim_0207,dim_0208,dim_0209,dim_0210,dim_0211,dim_0212,dim_0213,dim_0214,dim_0215,dim_0216,dim_0217,dim_0218,dim_0219,dim_0220,dim_0221,dim_0222,dim_0223,dim_0224,dim_0225,dim_0226,dim_0227,dim_0228,dim_0229,dim_0230,dim_0231,dim_0232,dim_0233,dim_0234,dim_0235,dim_0236,dim_0237,dim_0238,dim_0239,dim_0240,dim_0241,dim_0242,dim_0243,dim_0244,dim_0245,dim_0246,dim_0247,dim_0248,dim_0249,dim_0250,dim_0251,dim_0252,dim_0253,dim_0254,dim_0255,dim_0256,dim_0257,dim_0258,dim_0259,dim_0260,dim_0261,dim_0262,dim_0263,dim_0264,dim_0265,dim_0266,dim_0267,dim_0268,dim_0269,dim_0270,dim_0271,dim_0272,dim_0273,dim_0274,dim_0275,dim_0276,dim_0277,dim_0278,dim_0279,dim_0280,dim_0281,dim_0282,dim_0283,dim_0284,dim_0285,dim_0286,dim_0287,dim_0288,dim_0289,dim_0290,dim_0291,dim_0292,dim_0293,dim_0294,dim_0295,dim_0296,dim_0297,dim_0298,dim_0299,dim_0300,dim_0301,dim_0302,dim_0303,dim_0304,dim_0305,dim_0306,dim_0307,dim_0308,dim_0309,dim_0310,dim_0311,dim_0312,dim_0313,dim_0314,dim_0315,dim_0316,dim_0317,dim_0318,dim_0319,dim_0320,dim_0321,dim_0322,dim_0323,dim_0324,dim_0325,dim_0326,dim_0327,dim_0328,dim_0329,dim_0330,dim_0331,dim_0332,dim_0333,dim_0334,dim_0335,dim_0336,dim_0337,dim_0338,dim_0339,dim_0340,dim_0341,dim_0342,dim_0343,dim_0344,dim_0345,dim_0346,dim_0347,dim_0348,dim_0349,dim_0350,dim_0351,dim_0352,dim_0353,dim_0354,dim_0355,dim_0356,dim_0357,dim_0358,dim_0359,dim_0360,dim_0361,dim_0362,dim_0363,dim_0364,dim_0365,dim_0366,dim_0367,dim_0368,dim_0369,dim_0370,dim_0371,dim_0372,dim_0373,dim_0374,dim_0375,dim_0376,dim_0377,dim_0378,dim_0379,dim_0380,dim_0381,dim_0382,dim_0383,dim_0384,dim_0385,dim_0386,dim_0387,dim_0388,dim_0389,dim_0390,dim_0391,dim_0392,dim_0393,dim_0394,dim_0395,dim_0396,dim_0397,dim_0398,dim_0399,dim_0400,dim_0401,dim_0402,dim_0403,dim_0404,dim_0405,dim_0406,dim_0407,dim_0408,dim_0409,dim_0410,dim_0411,dim_0412,dim_0413,dim_0414,dim_0415,dim_0416,dim_0417,dim_0418,dim_0419,dim_0420,dim_0421,dim_0422,dim_0423,dim_0424,dim_0425,dim_0426,dim_0427,dim_0428,dim_0429,dim_0430,dim_0431,dim_0432,dim_0433,dim_0434,dim_0435,dim_0436,dim_0437,dim_0438,dim_0439,dim_0440,dim_0441,dim_0442,dim_0443,dim_0444,dim_0445,dim_0446,dim_0447,dim_0448,dim_0449,dim_0450,dim_0451,dim_0452,dim_0453,dim_0454,dim_0455,dim_0456,dim_0457,dim_0458,dim_0459,dim_0460,dim_0461,dim_0462,dim_0463,dim_0464,dim_0465,dim_0466,dim_0467,dim_0468,dim_0469,dim_0470,dim_0471,dim_0472,dim_0473,dim_0474,dim_0475,dim_0476,dim_0477,dim_0478,dim_0479,dim_0480,dim_0481,dim_0482,dim_0483,dim_0484,dim_0485,dim_0486,dim_0487,dim_0488,dim_0489,dim_0490,dim_0491,dim_0492,dim_0493,dim_0494,dim_0495,dim_0496,dim_0497,dim_0498,dim_0499,dim_0500,dim_0501,dim_0502,dim_0503,dim_0504,dim_0505,dim_0506,dim_0507,dim_0508,dim_0509,dim_0510,dim_0511,dim_0512,dim_0513,dim_0514,dim_0515,dim_0516,dim_0517,dim_0518,dim_0519,dim_0520,dim_0521,dim_0522,dim_0523,dim_0524,dim_0525,dim_0526,dim_0527,dim_0528,dim_0529,dim_0530,dim_0531,dim_0532,dim_0533,dim_0534,dim_0535,dim_0536,dim_0537,dim_0538,dim_0539,dim_0540,dim_0541,dim_0542,dim_0543,dim_0544,dim_0545,dim_0546,dim_0547,dim_0548,dim_0549,dim_0550,dim_0551,dim_0552,dim_0553,dim_0554,dim_0555,dim_0556,dim_0557,dim_0558,dim_0559,dim_0560,dim_0561,dim_0562,dim_0563,dim_0564,dim_0565,dim_0566,dim_0567,dim_0568,dim_0569,dim_0570,dim_0571,dim_0572,dim_0573,dim_0574,dim_0575,dim_0576,dim_0577,dim_0578,dim_0579,dim_0580,dim_0581,dim_0582,dim_0583,dim_0584,dim_0585,dim_0586,dim_0587,dim_0588,dim_0589,dim_0590,dim_0591,dim_0592,dim_0593,dim_0594,dim_0595,dim_0596,dim_0597,dim_0598,dim_0599,dim_0600,dim_0601,dim_0602,dim_0603,dim_0604,dim_0605,dim_0606,dim_0607,dim_0608,dim_0609,dim_0610,dim_0611,dim_0612,dim_0613,dim_0614,dim_0615,dim_0616,dim_0617,dim_0618,dim_0619,dim_0620,dim_0621,dim_0622,dim_0623,dim_0624,dim_0625,dim_0626,dim_0627,dim_0628,dim_0629,dim_0630,dim_0631,dim_0632,dim_0633,dim_0634,dim_0635,dim_0636,dim_0637,dim_0638,dim_0639,dim_0640,dim_0641,dim_0642,dim_0643,dim_0644,dim_0645,dim_0646,dim_0647,dim_0648,dim_0649,dim_0650,dim_0651,dim_0652,dim_0653,dim_0654,dim_0655,dim_0656,dim_0657,dim_0658,dim_0659,dim_0660,dim_0661,dim_0662,dim_0663,dim_0664,dim_0665,dim_0666,dim_0667,dim_0668,dim_0669,dim_0670,dim_0671,dim_0672,dim_0673,dim_0674,dim_0675,dim_0676,dim_0677,dim_0678,dim_0679,dim_0680,dim_0681,dim_0682,dim_0683,dim_0684,dim_0685,dim_0686,dim_0687,dim_0688,dim_0689,dim_0690,dim_0691,dim_0692,dim_0693,dim_0694,dim_0695,dim_0696,dim_0697,dim_0698,dim_0699,dim_0700,dim_0701,dim_0702,dim_0703,dim_0704,dim_0705,dim_0706,dim_0707,dim_0708,dim_0709,dim_0710,dim_0711,dim_0712,dim_0713,dim_0714,dim_0715,dim_0716,dim_0717,dim_0718,dim_0719,dim_0720,dim_0721,dim_0722,dim_0723,dim_0724,dim_0725,dim_0726,dim_0727,dim_0728,dim_0729,dim_0730,dim_0731,dim_0732,dim_0733,dim_0734,dim_0735,dim_0736,dim_0737,dim_0738,dim_0739,dim_0740,dim_0741,dim_0742,dim_0743,dim_0744,dim_0745,dim_0746,dim_0747,dim_0748,dim_0749,dim_0750,dim_0751,dim_0752,dim_0753,dim_0754,dim_0755,dim_0756,dim_0757,dim_0758,dim_0759,dim_0760,dim_0761,dim_0762,dim_0763,dim_0764,dim_0765,dim_0766,dim_0767,dim_0768,dim_0769,dim_0770,dim_0771,dim_0772,dim_0773,dim_0774,dim_0775,dim_0776,dim_0777,dim_0778,dim_0779,dim_0780,dim_0781,dim_0782,dim_0783,dim_0784,dim_0785,dim_0786,dim_0787,dim_0788,dim_0789,dim_0790,dim_0791,dim_0792,dim_0793,dim_0794,dim_0795,dim_0796,dim_0797,dim_0798,dim_0799,dim_0800,dim_0801,dim_0802,dim_0803,dim_0804,dim_0805,dim_0806,dim_0807,dim_0808,dim_0809,dim_0810,dim_0811,dim_0812,dim_0813,dim_0814,dim_0815,dim_0816,dim_0817,dim_0818,dim_0819,dim_0820,dim_0821,dim_0822,dim_0823,dim_0824,dim_0825,dim_0826,dim_0827,dim_0828,dim_0829,dim_0830,dim_0831,dim_0832,dim_0833,dim_0834,dim_0835,dim_0836,dim_0837,dim_0838,dim_0839,dim_0840,dim_0841,dim_0842,dim_0843,dim_0844,dim_0845,dim_0846,dim_0847,dim_0848,dim_0849,dim_0850,dim_0851,dim_0852,dim_0853,dim_0854,dim_0855,dim_0856,dim_0857,dim_0858,dim_0859,dim_0860,dim_0861,dim_0862,dim_0863,dim_0864,dim_0865,dim_0866,dim_0867,dim_0868,dim_0869,dim_0870,dim_0871,dim_0872,dim_0873,dim_0874,dim_0875,dim_0876,dim_0877,dim_0878,dim_0879,dim_0880,dim_0881,dim_0882,dim_0883,dim_0884,dim_0885,dim_0886,dim_0887,dim_0888,dim_0889,dim_0890,dim_0891,dim_0892,dim_0893,dim_0894,dim_0895,dim_0896,dim_0897,dim_0898,dim_0899,dim_0900,dim_0901,dim_0902,dim_0903,dim_0904,dim_0905,dim_0906,dim_0907,dim_0908,dim_0909,dim_0910,dim_0911,dim_0912,dim_0913,dim_0914,dim_0915,dim_0916,dim_0917,dim_0918,dim_0919,dim_0920,dim_0921,dim_0922,dim_0923,dim_0924,dim_0925,dim_0926,dim_0927,dim_0928,dim_0929,dim_0930,dim_0931,dim_0932,dim_0933,dim_0934,dim_0935,dim_0936,dim_0937,dim_0938,dim_0939,dim_0940,dim_0941,dim_0942,dim_0943,dim_0944,dim_0945,dim_0946,dim_0947,dim_0948,dim_0949,dim_0950,dim_0951,dim_0952,dim_0953,dim_0954,dim_0955,dim_0956,dim_0957,dim_0958,dim_0959,dim_0960,dim_0961,dim_0962,dim_0963,dim_0964,dim_0965,dim_0966,dim_0967,dim_0968,dim_0969,dim_0970,dim_0971,dim_0972,dim_0973,dim_0974,dim_0975,dim_0976,dim_0977,dim_0978,dim_0979,dim_0980,dim_0981,dim_0982,dim_0983,dim_0984,dim_0985,dim_0986,dim_0987,dim_0988,dim_0989,dim_0990,dim_0991,dim_0992,dim_0993,dim_0994,dim_0995,dim_0996,dim_0997,dim_0998,dim_0999,dim_1000,dim_1001,dim_1002,dim_1003,dim_1004,dim_1005,dim_1006,dim_1007,dim_1008,dim_1009,dim_1010,dim_1011,dim_1012,dim_1013,dim_1014,dim_1015,dim_1016,dim_1017,dim_1018,dim_1019,dim_1020,dim_1021,dim_1022,dim_1023,dim_1024,dim_1025,dim_1026,dim_1027,dim_1028,dim_1029,dim_1030,dim_1031,dim_1032,dim_1033,dim_1034,dim_1035,dim_1036,dim_1037,dim_1038,dim_1039,dim_1040,dim_1041,dim_1042,dim_1043,dim_1044,dim_1045,dim_1046,dim_1047,dim_1048,dim_1049,dim_1050,dim_1051,dim_1052,dim_1053,dim_1054,dim_1055,dim_1056,dim_1057,dim_1058,dim_1059,dim_1060,dim_1061,dim_1062,dim_1063,dim_1064,dim_1065,dim_1066,dim_1067,dim_1068,dim_1069,dim_1070,dim_1071,dim_1072,dim_1073,dim_1074,dim_1075,dim_1076,dim_1077,dim_1078,dim_1079,dim_1080,dim_1081,dim_1082,dim_1083,dim_1084,dim_1085,dim_1086,dim_1087,dim_1088,dim_1089,dim_1090,dim_1091,dim_1092,dim_1093,dim_1094,dim_1095,dim_1096,dim_1097,dim_1098,dim_1099,dim_1100,dim_1101,dim_1102,dim_1103,dim_1104,dim_1105,dim_1106,dim_1107,dim_1108,dim_1109,dim_1110,dim_1111,dim_1112,dim_1113,dim_1114,dim_1115,dim_1116,dim_1117,dim_1118,dim_1119,dim_1120,dim_1121,dim_1122,dim_1123,dim_1124,dim_1125,dim_1126,dim_1127,dim_1128,dim_1129,dim_1130,dim_1131,dim_1132,dim_1133,dim_1134,dim_1135,dim_1136,dim_1137,dim_1138,dim_1139,dim_1140,dim_1141,dim_1142,dim_1143,dim_1144,dim_1145,dim_1146,dim_1147,dim_1148,dim_1149,dim_1150,dim_1151,dim_1152,dim_1153,dim_1154,dim_1155,dim_1156,dim_1157,dim_1158,dim_1159,dim_1160,dim_1161,dim_1162,dim_1163,dim_1164,dim_1165,dim_1166,dim_1167,dim_1168,dim_1169,dim_1170,dim_1171,dim_1172,dim_1173,dim_1174,dim_1175,dim_1176,dim_1177,dim_1178,dim_1179,dim_1180,dim_1181,dim_1182,dim_1183,dim_1184,dim_1185,dim_1186,dim_1187,dim_1188,dim_1189,dim_1190,dim_1191,dim_1192,dim_1193,dim_1194,dim_1195,dim_1196,dim_1197,dim_1198,dim_1199,dim_1200,dim_1201,dim_1202,dim_1203,dim_1204,dim_1205,dim_1206,dim_1207,dim_1208,dim_1209,dim_1210,dim_1211,dim_1212,dim_1213,dim_1214,dim_1215,dim_1216,dim_1217,dim_1218,dim_1219,dim_1220,dim_1221,dim_1222,dim_1223,dim_1224,dim_1225,dim_1226,dim_1227,dim_1228,dim_1229,dim_1230,dim_1231,dim_1232,dim_1233,dim_1234,dim_1235,dim_1236,dim_1237,dim_1238,dim_1239,dim_1240,dim_1241,dim_1242,dim_1243,dim_1244,dim_1245,dim_1246,dim_1247,dim_1248,dim_1249,dim_1250,dim_1251,dim_1252,dim_1253,dim_1254,dim_1255,dim_1256,dim_1257,dim_1258,dim_1259,dim_1260,dim_1261,dim_1262,dim_1263,dim_1264,dim_1265,dim_1266,dim_1267,dim_1268,dim_1269,dim_1270,dim_1271,dim_1272,dim_1273,dim_1274,dim_1275,dim_1276,dim_1277,dim_1278,dim_1279,dim_1280,dim_1281,dim_1282,dim_1283,dim_1284,dim_1285,dim_1286,dim_1287,dim_1288,dim_1289,dim_1290,dim_1291,dim_1292,dim_1293,dim_1294,dim_1295,dim_1296,dim_1297,dim_1298,dim_1299,dim_1300,dim_1301,dim_1302,dim_1303,dim_1304,dim_1305,dim_1306,dim_1307,dim_1308,dim_1309,dim_1310,dim_1311,dim_1312,dim_1313,dim_1314,dim_1315,dim_1316,dim_1317,dim_1318,dim_1319,dim_1320,dim_1321,dim_1322,dim_1323,dim_1324,dim_1325,dim_1326,dim_1327,dim_1328,dim_1329,dim_1330,dim_1331,dim_1332,dim_1333,dim_1334,dim_1335,dim_1336,dim_1337,dim_1338,dim_1339,dim_1340,dim_1341,dim_1342,dim_1343,dim_1344,dim_1345,dim_1346,dim_1347,dim_1348,dim_1349,dim_1350,dim_1351,dim_1352,dim_1353,dim_1354,dim_1355,dim_1356,dim_1357,dim_1358,dim_1359,dim_1360,dim_1361,dim_1362,dim_1363,dim_1364,dim_1365,dim_1366,dim_1367,dim_1368,dim_1369,dim_1370,dim_1371,dim_1372,dim_1373,dim_1374,dim_1375,dim_1376,dim_1377,dim_1378,dim_1379,dim_1380,dim_1381,dim_1382,dim_1383,dim_1384,dim_1385,dim_1386,dim_1387,dim_1388,dim_1389,dim_1390,dim_1391,dim_1392,dim_1393,dim_1394,dim_1395,dim_1396,dim_1397,dim_1398,dim_1399,dim_1400,dim_1401,dim_1402,dim_1403,dim_1404,dim_1405,dim_1406,dim_1407,dim_1408,dim_1409,dim_1410,dim_1411,dim_1412,dim_1413,dim_1414,dim_1415,dim_1416,dim_1417,dim_1418,dim_1419,dim_1420,dim_1421,dim_1422,dim_1423,dim_1424,dim_1425,dim_1426,dim_1427,dim_1428,dim_1429,dim_1430,dim_1431,dim_1432,dim_1433,dim_1434,dim_1435,dim_1436,dim_1437,dim_1438,dim_1439,dim_1440,dim_1441,dim_1442,dim_1443,dim_1444,dim_1445,dim_1446,dim_1447,dim_1448,dim_1449,dim_1450,dim_1451,dim_1452,dim_1453,dim_1454,dim_1455,dim_1456,dim_1457,dim_1458,dim_1459,dim_1460,dim_1461,dim_1462,dim_1463,dim_1464,dim_1465,dim_1466,dim_1467,dim_1468,dim_1469,dim_1470,dim_1471,dim_1472,dim_1473,dim_1474,dim_1475,dim_1476,dim_1477,dim_1478,dim_1479,dim_1480,dim_1481,dim_1482,dim_1483,dim_1484,dim_1485,dim_1486,dim_1487,dim_1488,dim_1489,dim_1490,dim_1491,dim_1492,dim_1493,dim_1494,dim_1495,dim_1496,dim_1497,dim_1498,dim_1499,dim_1500,dim_1501,dim_1502,dim_1503,dim_1504,dim_1505,dim_1506,dim_1507,dim_1508,dim_1509,dim_1510,dim_1511,dim_1512,dim_1513,dim_1514,dim_1515,dim_1516,dim_1517,dim_1518,dim_1519,dim_1520,dim_1521,dim_1522,dim_1523,dim_1524,dim_1525,dim_1526,dim_1527,dim_1528,dim_1529,dim_1530,dim_1531,dim_1532,dim_1533,dim_1534,dim_1535,dim_1536,dim_1537,dim_1538,dim_1539,dim_1540,dim_1541,dim_1542,dim_1543,dim_1544,dim_1545,dim_1546,dim_1547,dim_1548,dim_1549,dim_1550,dim_1551,dim_1552,dim_1553,dim_1554,dim_1555,dim_1556,dim_1557,dim_1558,dim_1559,dim_1560,dim_1561,dim_1562,dim_1563,dim_1564,dim_1565,dim_1566,dim_1567,dim_1568,dim_1569,dim_1570,dim_1571,dim_1572,dim_1573,dim_1574,dim_1575,dim_1576,dim_1577,dim_1578,dim_1579,dim_1580,dim_1581,dim_1582,dim_1583,dim_1584,dim_1585,dim_1586,dim_1587,dim_1588,dim_1589,dim_1590,dim_1591,dim_1592,dim_1593,dim_1594,dim_1595,dim_1596,dim_1597,dim_1598,dim_1599,dim_1600,dim_1601,dim_1602,dim_1603,dim_1604,dim_1605,dim_1606,dim_1607,dim_1608,dim_1609,dim_1610,dim_1611,dim_1612,dim_1613,dim_1614,dim_1615,dim_1616,dim_1617,dim_1618,dim_1619,dim_1620,dim_1621,dim_1622,dim_1623,dim_1624,dim_1625,dim_1626,dim_1627,dim_1628,dim_1629,dim_1630,dim_1631,dim_1632,dim_1633,dim_1634,dim_1635,dim_1636,dim_1637,dim_1638,dim_1639,dim_1640,dim_1641,dim_1642,dim_1643,dim_1644,dim_1645,dim_1646,dim_1647,dim_1648,dim_1649,dim_1650,dim_1651,dim_1652,dim_1653,dim_1654,dim_1655,dim_1656,dim_1657,dim_1658,dim_1659,dim_1660,dim_1661,dim_1662,dim_1663,dim_1664,dim_1665,dim_1666,dim_1667,dim_1668,dim_1669,dim_1670,dim_1671,dim_1672,dim_1673,dim_1674,dim_1675,dim_1676,dim_1677,dim_1678,dim_1679,dim_1680,dim_1681,dim_1682,dim_1683,dim_1684,dim_1685,dim_1686,dim_1687,dim_1688,dim_1689,dim_1690,dim_1691,dim_1692,dim_1693,dim_1694,dim_1695,dim_1696,dim_1697,dim_1698,dim_1699,dim_1700,dim_1701,dim_1702,dim_1703,dim_1704,dim_1705,dim_1706,dim_1707,dim_1708,dim_1709,dim_1710,dim_1711,dim_1712,dim_1713,dim_1714,dim_1715,dim_1716,dim_1717,dim_1718,dim_1719,dim_1720,dim_1721,dim_1722,dim_1723,dim_1724,dim_1725,dim_1726,dim_1727,dim_1728,dim_1729,dim_1730,dim_1731,dim_1732,dim_1733,dim_1734,dim_1735,dim_1736,dim_1737,dim_1738,dim_1739,dim_1740,dim_1741,dim_1742,dim_1743,dim_1744,dim_1745,dim_1746,dim_1747,dim_1748,dim_1749,dim_1750,dim_1751,dim_1752,dim_1753,dim_1754,dim_1755,dim_1756,dim_1757,dim_1758,dim_1759,dim_1760,dim_1761,dim_1762,dim_1763,dim_1764,dim_1765,dim_1766,dim_1767,dim_1768,dim_1769,dim_1770,dim_1771,dim_1772,dim_1773,dim_1774,dim_1775,dim_1776,dim_1777,dim_1778,dim_1779,dim_1780,dim_1781,dim_1782,dim_1783,dim_1784,dim_1785,dim_1786,dim_1787,dim_1788,dim_1789,dim_1790,dim_1791,dim_1792,dim_1793,dim_1794,dim_1795,dim_1796,dim_1797,dim_1798,dim_1799,dim_1800,dim_1801,dim_1802,dim_1803,dim_1804,dim_1805,dim_1806,dim_1807,dim_1808,dim_1809,dim_1810,dim_1811,dim_1812,dim_1813,dim_1814,dim_1815,dim_1816,dim_1817,dim_1818,dim_1819,dim_1820,dim_1821,dim_1822,dim_1823,dim_1824,dim_1825,dim_1826,dim_1827,dim_1828,dim_1829,dim_1830,dim_1831,dim_1832,dim_1833,dim_1834,dim_1835,dim_1836,dim_1837,dim_1838,dim_1839,dim_1840,dim_1841,dim_1842,dim_1843,dim_1844,dim_1845,dim_1846,dim_1847,dim_1848,dim_1849,dim_1850,dim_1851,dim_1852,dim_1853,dim_1854,dim_1855,dim_1856,dim_1857,dim_1858,dim_1859,dim_1860,dim_1861,dim_1862,dim_1863,dim_1864,dim_1865,dim_1866,dim_1867,dim_1868,dim_1869,dim_1870,dim_1871,dim_1872,dim_1873,dim_1874,dim_1875,dim_1876,dim_1877,dim_1878,dim_1879,dim_1880,dim_1881,dim_1882,dim_1883,dim_1884,dim_1885,dim_1886,dim_1887,dim_1888,dim_1889,dim_1890,dim_1891,dim_1892,dim_1893,dim_1894,dim_1895,dim_1896,dim_1897,dim_1898,dim_1899,dim_1900,dim_1901,dim_1902,dim_1903,dim_1904,dim_1905,dim_1906,dim_1907,dim_1908,dim_1909,dim_1910,dim_1911,dim_1912,dim_1913,dim_1914,dim_1915,dim_1916,dim_1917,dim_1918,dim_1919,dim_1920,dim_1921,dim_1922,dim_1923,dim_1924,dim_1925,dim_1926,dim_1927,dim_1928,dim_1929,dim_1930,dim_1931,dim_1932,dim_1933,dim_1934,dim_1935,dim_1936,dim_1937,dim_1938,dim_1939,dim_1940,dim_1941,dim_1942,dim_1943,dim_1944,dim_1945,dim_1946,dim_1947,dim_1948,dim_1949,dim_1950,dim_1951,dim_1952,dim_1953,dim_1954,dim_1955,dim_1956,dim_1957,dim_1958,dim_1959,dim_1960,dim_1961,dim_1962,dim_1963,dim_1964,dim_1965,dim_1966,dim_1967,dim_1968,dim_1969,dim_1970,dim_1971,dim_1972,dim_1973,dim_1974,dim_1975,dim_1976,dim_1977,dim_1978,dim_1979,dim_1980,dim_1981,dim_1982,dim_1983,dim_1984,dim_1985,dim_1986,dim_1987,dim_1988,dim_1989,dim_1990,dim_1991,dim_1992,dim_1993,dim_1994,dim_1995,dim_1996,dim_1997,dim_1998,dim_1999,dim_2000,dim_2001,dim_2002,dim_2003,dim_2004,dim_2005,dim_2006,dim_2007,dim_2008,dim_2009,dim_2010,dim_2011,dim_2012,dim_2013,dim_2014,dim_2015,dim_2016,dim_2017,dim_2018,dim_2019,dim_2020,dim_2021,dim_2022,dim_2023,dim_2024,dim_2025,dim_2026,dim_2027,dim_2028,dim_2029,dim_2030,dim_2031,dim_2032,dim_2033,dim_2034,dim_2035,dim_2036,dim_2037,dim_2038,dim_2039,dim_2040,dim_2041,dim_2042,dim_2043,dim_2044,dim_2045,dim_2046,dim_2047,dim_2048,dim_2049,dim_2050,dim_2051,dim_2052,dim_2053,dim_2054,dim_2055,dim_2056,dim_2057,dim_2058,dim_2059,dim_2060,dim_2061,dim_2062,dim_2063,dim_2064,dim_2065,dim_2066,dim_2067,dim_2068,dim_2069,dim_2070,dim_2071,dim_2072,dim_2073,dim_2074,dim_2075,dim_2076,dim_2077,dim_2078,dim_2079,dim_2080,dim_2081,dim_2082,dim_2083,dim_2084,dim_2085,dim_2086,dim_2087,dim_2088,dim_2089,dim_2090,dim_2091,dim_2092,dim_2093,dim_2094,dim_2095,dim_2096,dim_2097,dim_2098,dim_2099,dim_2100,dim_2101,dim_2102,dim_2103,dim_2104,dim_2105,dim_2106,dim_2107,dim_2108,dim_2109,dim_2110,dim_2111,dim_2112,dim_2113,dim_2114,dim_2115,dim_2116,dim_2117,dim_2118,dim_2119,dim_2120,dim_2121,dim_2122,dim_2123,dim_2124,dim_2125,dim_2126,dim_2127,dim_2128,dim_2129,dim_2130,dim_2131,dim_2132,dim_2133,dim_2134,dim_2135,dim_2136,dim_2137,dim_2138,dim_2139,dim_2140,dim_2141,dim_2142,dim_2143,dim_2144,dim_2145,dim_2146,dim_2147,dim_2148,dim_2149,dim_2150,dim_2151,dim_2152,dim_2153,dim_2154,dim_2155,dim_2156,dim_2157,dim_2158,dim_2159,dim_2160,dim_2161,dim_2162,dim_2163,dim_2164,dim_2165,dim_2166,dim_2167,dim_2168,dim_2169,dim_2170,dim_2171,dim_2172,dim_2173,dim_2174,dim_2175,dim_2176,dim_2177,dim_2178,dim_2179,dim_2180,dim_2181,dim_2182,dim_2183,dim_2184,dim_2185,dim_2186,dim_2187,dim_2188,dim_2189,dim_2190,dim_2191,dim_2192,dim_2193,dim_2194,dim_2195,dim_2196,dim_2197,dim_2198,dim_2199,dim_2200,dim_2201,dim_2202,dim_2203,dim_2204,dim_2205,dim_2206,dim_2207,dim_2208,dim_2209,dim_2210,dim_2211,dim_2212,dim_2213,dim_2214,dim_2215,dim_2216,dim_2217,dim_2218,dim_2219,dim_2220,dim_2221,dim_2222,dim_2223,dim_2224,dim_2225,dim_2226,dim_2227,dim_2228,dim_2229,dim_2230,dim_2231,dim_2232,dim_2233,dim_2234,dim_2235,dim_2236,dim_2237,dim_2238,dim_2239,dim_2240,dim_2241,dim_2242,dim_2243,dim_2244,dim_2245,dim_2246,dim_2247,dim_2248,dim_2249,dim_2250,dim_2251,dim_2252,dim_2253,dim_2254,dim_2255,dim_2256,dim_2257,dim_2258,dim_2259,dim_2260,dim_2261,dim_2262,dim_2263,dim_2264,dim_2265,dim_2266,dim_2267,dim_2268,dim_2269,dim_2270,dim_2271,dim_2272,dim_2273,dim_2274,dim_2275,dim_2276,dim_2277,dim_2278,dim_2279,dim_2280,dim_2281,dim_2282,dim_2283,dim_2284,dim_2285,dim_2286,dim_2287,dim_2288,dim_2289,dim_2290,dim_2291,dim_2292,dim_2293,dim_2294,dim_2295,dim_2296,dim_2297,dim_2298,dim_2299,dim_2300,dim_2301,dim_2302,dim_2303,dim_2304,dim_2305,dim_2306,dim_2307,dim_2308,dim_2309,dim_2310,dim_2311,dim_2312,dim_2313,dim_2314,dim_2315,dim_2316,dim_2317,dim_2318,dim_2319,dim_2320,dim_2321,dim_2322,dim_2323,dim_2324,dim_2325,dim_2326,dim_2327,dim_2328,dim_2329,dim_2330,dim_2331,dim_2332,dim_2333,dim_2334,dim_2335,dim_2336,dim_2337,dim_2338,dim_2339,dim_2340,dim_2341,dim_2342,dim_2343,dim_2344,dim_2345,dim_2346,dim_2347,dim_2348,dim_2349,dim_2350,dim_2351,dim_2352,dim_2353,dim_2354,dim_2355,dim_2356,dim_2357,dim_2358,dim_2359,dim_2360,dim_2361,dim_2362,dim_2363,dim_2364,dim_2365,dim_2366,dim_2367,dim_2368,dim_2369,dim_2370,dim_2371,dim_2372,dim_2373,dim_2374,dim_2375,dim_2376,dim_2377,dim_2378,dim_2379,dim_2380,dim_2381,dim_2382,dim_2383,dim_2384,dim_2385,dim_2386,dim_2387,dim_2388,dim_2389,dim_2390,dim_2391,dim_2392,dim_2393,dim_2394,dim_2395,dim_2396,dim_2397,dim_2398,dim_2399,dim_2400,dim_2401,dim_2402,dim_2403,dim_2404,dim_2405,dim_2406,dim_2407,dim_2408,dim_2409,dim_2410,dim_2411,dim_2412,dim_2413,dim_2414,dim_2415,dim_2416,dim_2417,dim_2418,dim_2419,dim_2420,dim_2421,dim_2422,dim_2423,dim_2424,dim_2425,dim_2426,dim_2427,dim_2428,dim_2429,dim_2430,dim_2431,dim_2432,dim_2433,dim_2434,dim_2435,dim_2436,dim_2437,dim_2438,dim_2439,dim_2440,dim_2441,dim_2442,dim_2443,dim_2444,dim_2445,dim_2446,dim_2447,dim_2448,dim_2449,dim_2450,dim_2451,dim_2452,dim_2453,dim_2454,dim_2455,dim_2456,dim_2457,dim_2458,dim_2459,dim_2460,dim_2461,dim_2462,dim_2463,dim_2464,dim_2465,dim_2466,dim_2467,dim_2468,dim_2469,dim_2470,dim_2471,dim_2472,dim_2473,dim_2474,dim_2475,dim_2476,dim_2477,dim_2478,dim_2479,dim_2480,dim_2481,dim_2482,dim_2483,dim_2484,dim_2485,dim_2486,dim_2487,dim_2488,dim_2489,dim_2490,dim_2491,dim_2492,dim_2493,dim_2494,dim_2495,dim_2496,dim_2497,dim_2498,dim_2499,dim_2500,dim_2501,dim_2502,dim_2503,dim_2504,dim_2505,dim_2506,dim_2507,dim_2508,dim_2509,dim_2510,dim_2511,dim_2512,dim_2513,dim_2514,dim_2515,dim_2516,dim_2517,dim_2518,dim_2519,dim_2520,dim_2521,dim_2522,dim_2523,dim_2524,dim_2525,dim_2526,dim_2527,dim_2528,dim_2529,dim_2530,dim_2531,dim_2532,dim_2533,dim_2534,dim_2535,dim_2536,dim_2537,dim_2538,dim_2539,dim_2540,dim_2541,dim_2542,dim_2543,dim_2544,dim_2545,dim_2546,dim_2547,dim_2548,dim_2549,dim_2550,dim_2551,dim_2552,dim_2553,dim_2554,dim_2555,dim_2556,dim_2557,dim_2558,dim_2559,dim_2560,dim_2561,dim_2562,dim_2563,dim_2564,dim_2565,dim_2566,dim_2567,dim_2568,dim_2569,dim_2570,dim_2571,dim_2572,dim_2573,dim_2574,dim_2575,dim_2576,dim_2577,dim_2578,dim_2579,dim_2580,dim_2581,dim_2582,dim_2583,dim_2584,dim_2585,dim_2586,dim_2587,dim_2588,dim_2589,dim_2590,dim_2591,dim_2592,dim_2593,dim_2594,dim_2595,dim_2596,dim_2597,dim_2598,dim_2599,dim_2600,dim_2601,dim_2602,dim_2603,dim_2604,dim_2605,dim_2606,dim_2607,dim_2608,dim_2609,dim_2610,dim_2611,dim_2612,dim_2613,dim_2614,dim_2615,dim_2616,dim_2617,dim_2618,dim_2619,dim_2620,dim_2621,dim_2622,dim_2623,dim_2624,dim_2625,dim_2626,dim_2627,dim_2628,dim_2629,dim_2630,dim_2631,dim_2632,dim_2633,dim_2634,dim_2635,dim_2636,dim_2637,dim_2638,dim_2639,dim_2640,dim_2641,dim_2642,dim_2643,dim_2644,dim_2645,dim_2646,dim_2647,dim_2648,dim_2649,dim_2650,dim_2651,dim_2652,dim_2653,dim_2654,dim_2655,dim_2656,dim_2657,dim_2658,dim_2659,dim_2660,dim_2661,dim_2662,dim_2663,dim_2664,dim_2665,dim_2666,dim_2667,dim_2668,dim_2669,dim_2670,dim_2671,dim_2672,dim_2673,dim_2674,dim_2675,dim_2676,dim_2677,dim_2678,dim_2679,dim_2680,dim_2681,dim_2682,dim_2683,dim_2684,dim_2685,dim_2686,dim_2687,dim_2688,dim_2689,dim_2690,dim_2691,dim_2692,dim_2693,dim_2694,dim_2695,dim_2696,dim_2697,dim_2698,dim_2699,dim_2700,dim_2701,dim_2702,dim_2703,dim_2704,dim_2705,dim_2706,dim_2707,dim_2708,dim_2709,dim_2710,dim_2711,dim_2712,dim_2713,dim_2714,dim_2715,dim_2716,dim_2717,dim_2718,dim_2719,dim_2720,dim_2721,dim_2722,dim_2723,dim_2724,dim_2725,dim_2726,dim_2727,dim_2728,dim_2729,dim_2730,dim_2731,dim_2732,dim_2733,dim_2734,dim_2735,dim_2736,dim_2737,dim_2738,dim_2739,dim_2740,dim_2741,dim_2742,dim_2743,dim_2744,dim_2745,dim_2746,dim_2747,dim_2748,dim_2749,dim_2750,dim_2751,dim_2752,dim_2753,dim_2754,dim_2755,dim_2756,dim_2757,dim_2758,dim_2759,dim_2760,dim_2761,dim_2762,dim_2763,dim_2764,dim_2765,dim_2766,dim_2767,dim_2768,dim_2769,dim_2770,dim_2771,dim_2772,dim_2773,dim_2774,dim_2775,dim_2776,dim_2777,dim_2778,dim_2779,dim_2780,dim_2781,dim_2782,dim_2783,dim_2784,dim_2785,dim_2786,dim_2787,dim_2788,dim_2789,dim_2790,dim_2791,dim_2792,dim_2793,dim_2794,dim_2795,dim_2796,dim_2797,dim_2798,dim_2799,dim_2800,dim_2801,dim_2802,dim_2803,dim_2804,dim_2805,dim_2806,dim_2807,dim_2808,dim_2809,dim_2810,dim_2811,dim_2812,dim_2813,dim_2814,dim_2815,dim_2816,dim_2817,dim_2818,dim_2819,dim_2820,dim_2821,dim_2822,dim_2823,dim_2824,dim_2825,dim_2826,dim_2827,dim_2828,dim_2829,dim_2830,dim_2831,dim_2832,dim_2833,dim_2834,dim_2835,dim_2836,dim_2837,dim_2838,dim_2839,dim_2840,dim_2841,dim_2842,dim_2843,dim_2844,dim_2845,dim_2846,dim_2847,dim_2848,dim_2849,dim_2850,dim_2851,dim_2852,dim_2853,dim_2854,dim_2855,dim_2856,dim_2857,dim_2858,dim_2859,dim_2860,dim_2861,dim_2862,dim_2863,dim_2864,dim_2865,dim_2866,dim_2867,dim_2868,dim_2869,dim_2870,dim_2871,dim_2872,dim_2873,dim_2874,dim_2875,dim_2876,dim_2877,dim_2878,dim_2879,dim_2880,dim_2881,dim_2882,dim_2883,dim_2884,dim_2885,dim_2886,dim_2887,dim_2888,dim_2889,dim_2890,dim_2891,dim_2892,dim_2893,dim_2894,dim_2895,dim_2896,dim_2897,dim_2898,dim_2899,dim_2900,dim_2901,dim_2902,dim_2903,dim_2904,dim_2905,dim_2906,dim_2907,dim_2908,dim_2909,dim_2910,dim_2911,dim_2912,dim_2913,dim_2914,dim_2915,dim_2916,dim_2917,dim_2918,dim_2919,dim_2920,dim_2921,dim_2922,dim_2923,dim_2924,dim_2925,dim_2926,dim_2927,dim_2928,dim_2929,dim_2930,dim_2931,dim_2932,dim_2933,dim_2934,dim_2935,dim_2936,dim_2937,dim_2938,dim_2939,dim_2940,dim_2941,dim_2942,dim_2943,dim_2944,dim_2945,dim_2946,dim_2947,dim_2948,dim_2949,dim_2950,dim_2951,dim_2952,dim_2953,dim_2954,dim_2955,dim_2956,dim_2957,dim_2958,dim_2959,dim_2960,dim_2961,dim_2962,dim_2963,dim_2964,dim_2965,dim_2966,dim_2967,dim_2968,dim_2969,dim_2970,dim_2971,dim_2972,dim_2973,dim_2974,dim_2975,dim_2976,dim_2977,dim_2978,dim_2979,dim_2980,dim_2981,dim_2982,dim_2983,dim_2984,dim_2985,dim_2986,dim_2987,dim_2988,dim_2989,dim_2990,dim_2991,dim_2992,dim_2993,dim_2994,dim_2995,dim_2996,dim_2997,dim_2998,dim_2999,dim_3000,dim_3001,dim_3002,dim_3003,dim_3004,dim_3005,dim_3006,dim_3007,dim_3008,dim_3009,dim_3010,dim_3011,dim_3012,dim_3013,dim_3014,dim_3015,dim_3016,dim_3017,dim_3018,dim_3019,dim_3020,dim_3021,dim_3022,dim_3023,dim_3024,dim_3025,dim_3026,dim_3027,dim_3028,dim_3029,dim_3030,dim_3031,dim_3032,dim_3033,dim_3034,dim_3035,dim_3036,dim_3037,dim_3038,dim_3039,dim_3040,dim_3041,dim_3042,dim_3043,dim_3044,dim_3045,dim_3046,dim_3047,dim_3048,dim_3049,dim_3050,dim_3051,dim_3052,dim_3053,dim_3054,dim_3055,dim_3056,dim_3057,dim_3058,dim_3059,dim_3060,dim_3061,dim_3062,dim_3063,dim_3064,dim_3065,dim_3066,dim_3067,dim_3068,dim_3069,dim_3070,dim_3071,dim_3072,dim_3073,dim_3074,dim_3075,dim_3076,dim_3077,dim_3078,dim_3079,dim_3080,dim_3081,dim_3082,dim_3083,dim_3084,dim_3085,dim_3086,dim_3087,dim_3088,dim_3089,dim_3090,dim_3091,dim_3092,dim_3093,dim_3094,dim_3095,dim_3096,dim_3097,dim_3098,dim_3099,dim_3100,dim_3101,dim_3102,dim_3103,dim_3104,dim_3105,dim_3106,dim_3107,dim_3108,dim_3109,dim_3110,dim_3111,dim_3112,dim_3113,dim_3114,dim_3115,dim_3116,dim_3117,dim_3118,dim_3119,dim_3120,dim_3121,dim_3122,dim_3123,dim_3124,dim_3125,dim_3126,dim_3127,dim_3128,dim_3129,dim_3130,dim_3131,dim_3132,dim_3133,dim_3134,dim_3135,dim_3136,dim_3137,dim_3138,dim_3139,dim_3140,dim_3141,dim_3142,dim_3143,dim_3144,dim_3145,dim_3146,dim_3147,dim_3148,dim_3149,dim_3150,dim_3151,dim_3152,dim_3153,dim_3154,dim_3155,dim_3156,dim_3157,dim_3158,dim_3159,dim_3160,dim_3161,dim_3162,dim_3163,dim_3164,dim_3165,dim_3166,dim_3167,dim_3168,dim_3169,dim_3170,dim_3171,dim_3172,dim_3173,dim_3174,dim_3175,dim_3176,dim_3177,dim_3178,dim_3179,dim_3180,dim_3181,dim_3182,dim_3183,dim_3184,dim_3185,dim_3186,dim_3187,dim_3188,dim_3189,dim_3190,dim_3191,dim_3192,dim_3193,dim_3194,dim_3195,dim_3196,dim_3197,dim_3198,dim_3199,dim_3200,dim_3201,dim_3202,dim_3203,dim_3204,dim_3205,dim_3206,dim_3207,dim_3208,dim_3209,dim_3210,dim_3211,dim_3212,dim_3213,dim_3214,dim_3215,dim_3216,dim_3217,dim_3218,dim_3219,dim_3220,dim_3221,dim_3222,dim_3223,dim_3224,dim_3225,dim_3226,dim_3227,dim_3228,dim_3229,dim_3230,dim_3231,dim_3232,dim_3233,dim_3234,dim_3235,dim_3236,dim_3237,dim_3238,dim_3239,dim_3240,dim_3241,dim_3242,dim_3243,dim_3244,dim_3245,dim_3246,dim_3247,dim_3248,dim_3249,dim_3250,dim_3251,dim_3252,dim_3253,dim_3254,dim_3255,dim_3256,dim_3257,dim_3258,dim_3259,dim_3260,dim_3261,dim_3262,dim_3263,dim_3264,dim_3265,dim_3266,dim_3267,dim_3268,dim_3269,dim_3270,dim_3271,dim_3272,dim_3273,dim_3274,dim_3275,dim_3276,dim_3277,dim_3278,dim_3279,dim_3280,dim_3281,dim_3282,dim_3283,dim_3284,dim_3285,dim_3286,dim_3287,dim_3288,dim_3289,dim_3290,dim_3291,dim_3292,dim_3293,dim_3294,dim_3295,dim_3296,dim_3297,dim_3298,dim_3299,dim_3300,dim_3301,dim_3302,dim_3303,dim_3304,dim_3305,dim_3306,dim_3307,dim_3308,dim_3309,dim_3310,dim_3311,dim_3312,dim_3313,dim_3314,dim_3315,dim_3316,dim_3317,dim_3318,dim_3319,dim_3320,dim_3321,dim_3322,dim_3323,dim_3324,dim_3325,dim_3326,dim_3327,dim_3328,dim_3329,dim_3330,dim_3331,dim_3332,dim_3333,dim_3334,dim_3335,dim_3336,dim_3337,dim_3338,dim_3339,dim_3340,dim_3341,dim_3342,dim_3343,dim_3344,dim_3345,dim_3346,dim_3347,dim_3348,dim_3349,dim_3350,dim_3351,dim_3352,dim_3353,dim_3354,dim_3355,dim_3356,dim_3357,dim_3358,dim_3359,dim_3360,dim_3361,dim_3362,dim_3363,dim_3364,dim_3365,dim_3366,dim_3367,dim_3368,dim_3369,dim_3370,dim_3371,dim_3372,dim_3373,dim_3374,dim_3375,dim_3376,dim_3377,dim_3378,dim_3379,dim_3380,dim_3381,dim_3382,dim_3383,dim_3384,dim_3385,dim_3386,dim_3387,dim_3388,dim_3389,dim_3390,dim_3391,dim_3392,dim_3393,dim_3394,dim_3395,dim_3396,dim_3397,dim_3398,dim_3399,dim_3400,dim_3401,dim_3402,dim_3403,dim_3404,dim_3405,dim_3406,dim_3407,dim_3408,dim_3409,dim_3410,dim_3411,dim_3412,dim_3413,dim_3414,dim_3415,dim_3416,dim_3417,dim_3418,dim_3419,dim_3420,dim_3421,dim_3422,dim_3423,dim_3424,dim_3425,dim_3426,dim_3427,dim_3428,dim_3429,dim_3430,dim_3431,dim_3432,dim_3433,dim_3434,dim_3435,dim_3436,dim_3437,dim_3438,dim_3439,dim_3440,dim_3441,dim_3442,dim_3443,dim_3444,dim_3445,dim_3446,dim_3447,dim_3448,dim_3449,dim_3450,dim_3451,dim_3452,dim_3453,dim_3454,dim_3455,dim_3456,dim_3457,dim_3458,dim_3459,dim_3460,dim_3461,dim_3462,dim_3463,dim_3464,dim_3465,dim_3466,dim_3467,dim_3468,dim_3469,dim_3470,dim_3471,dim_3472,dim_3473,dim_3474,dim_3475,dim_3476,dim_3477,dim_3478,dim_3479,dim_3480,dim_3481,dim_3482,dim_3483,dim_3484,dim_3485,dim_3486,dim_3487,dim_3488,dim_3489,dim_3490,dim_3491,dim_3492,dim_3493,dim_3494,dim_3495,dim_3496,dim_3497,dim_3498,dim_3499,dim_3500,dim_3501,dim_3502,dim_3503,dim_3504,dim_3505,dim_3506,dim_3507,dim_3508,dim_3509,dim_3510,dim_3511,dim_3512,dim_3513,dim_3514,dim_3515,dim_3516,dim_3517,dim_3518,dim_3519,dim_3520,dim_3521,dim_3522,dim_3523,dim_3524,dim_3525,dim_3526,dim_3527,dim_3528,dim_3529,dim_3530,dim_3531,dim_3532,dim_3533,dim_3534,dim_3535,dim_3536,dim_3537,dim_3538,dim_3539,dim_3540,dim_3541,dim_3542,dim_3543,dim_3544,dim_3545,dim_3546,dim_3547,dim_3548,dim_3549,dim_3550,dim_3551,dim_3552,dim_3553,dim_3554,dim_3555,dim_3556,dim_3557,dim_3558,dim_3559,dim_3560,dim_3561,dim_3562,dim_3563,dim_3564,dim_3565,dim_3566,dim_3567,dim_3568,dim_3569,dim_3570,dim_3571,dim_3572,dim_3573,dim_3574,dim_3575,dim_3576,dim_3577,dim_3578,dim_3579,dim_3580,dim_3581,dim_3582,dim_3583,dim_3584,dim_3585,dim_3586,dim_3587,dim_3588,dim_3589,dim_3590,dim_3591,dim_3592,dim_3593,dim_3594,dim_3595,dim_3596,dim_3597,dim_3598,dim_3599,dim_3600,dim_3601,dim_3602,dim_3603,dim_3604,dim_3605,dim_3606,dim_3607,dim_3608,dim_3609,dim_3610,dim_3611,dim_3612,dim_3613,dim_3614,dim_3615,dim_3616,dim_3617,dim_3618,dim_3619,dim_3620,dim_3621,dim_3622,dim_3623,dim_3624,dim_3625,dim_3626,dim_3627,dim_3628,dim_3629,dim_3630,dim_3631,dim_3632,dim_3633,dim_3634,dim_3635,dim_3636,dim_3637,dim_3638,dim_3639,dim_3640,dim_3641,dim_3642,dim_3643,dim_3644,dim_3645,dim_3646,dim_3647,dim_3648,dim_3649,dim_3650,dim_3651,dim_3652,dim_3653,dim_3654,dim_3655,dim_3656,dim_3657,dim_3658,dim_3659,dim_3660,dim_3661,dim_3662,dim_3663,dim_3664,dim_3665,dim_3666,dim_3667,dim_3668,dim_3669,dim_3670,dim_3671,dim_3672,dim_3673,dim_3674,dim_3675,dim_3676,dim_3677,dim_3678,dim_3679,dim_3680,dim_3681,dim_3682,dim_3683,dim_3684,dim_3685,dim_3686,dim_3687,dim_3688,dim_3689,dim_3690,dim_3691,dim_3692,dim_3693,dim_3694,dim_3695,dim_3696,dim_3697,dim_3698,dim_3699,dim_3700,dim_3701,dim_3702,dim_3703,dim_3704,dim_3705,dim_3706,dim_3707,dim_3708,dim_3709,dim_3710,dim_3711,dim_3712,dim_3713,dim_3714,dim_3715,dim_3716,dim_3717,dim_3718,dim_3719,dim_3720,dim_3721,dim_3722,dim_3723,dim_3724,dim_3725,dim_3726,dim_3727,dim_3728,dim_3729,dim_3730,dim_3731,dim_3732,dim_3733,dim_3734,dim_3735,dim_3736,dim_3737,dim_3738,dim_3739,dim_3740,dim_3741,dim_3742,dim_3743,dim_3744,dim_3745,dim_3746,dim_3747,dim_3748,dim_3749,dim_3750,dim_3751,dim_3752,dim_3753,dim_3754,dim_3755,dim_3756,dim_3757,dim_3758,dim_3759,dim_3760,dim_3761,dim_3762,dim_3763,dim_3764,dim_3765,dim_3766,dim_3767,dim_3768,dim_3769,dim_3770,dim_3771,dim_3772,dim_3773,dim_3774,dim_3775,dim_3776,dim_3777,dim_3778,dim_3779,dim_3780,dim_3781,dim_3782,dim_3783,dim_3784,dim_3785,dim_3786,dim_3787,dim_3788,dim_3789,dim_3790,dim_3791,dim_3792,dim_3793,dim_3794,dim_3795,dim_3796,dim_3797,dim_3798,dim_3799,dim_3800,dim_3801,dim_3802,dim_3803,dim_3804,dim_3805,dim_3806,dim_3807,dim_3808,dim_3809,dim_3810,dim_3811,dim_3812,dim_3813,dim_3814,dim_3815,dim_3816,dim_3817,dim_3818,dim_3819,dim_3820,dim_3821,dim_3822,dim_3823,dim_3824,dim_3825,dim_3826,dim_3827,dim_3828,dim_3829,dim_3830,dim_3831,dim_3832,dim_3833,dim_3834,dim_3835,dim_3836,dim_3837,dim_3838,dim_3839,dim_3840,dim_3841,dim_3842,dim_3843,dim_3844,dim_3845,dim_3846,dim_3847,dim_3848,dim_3849,dim_3850,dim_3851,dim_3852,dim_3853,dim_3854,dim_3855,dim_3856,dim_3857,dim_3858,dim_3859,dim_3860,dim_3861,dim_3862,dim_3863,dim_3864,dim_3865,dim_3866,dim_3867,dim_3868,dim_3869,dim_3870,dim_3871,dim_3872,dim_3873,dim_3874,dim_3875,dim_3876,dim_3877,dim_3878,dim_3879,dim_3880,dim_3881,dim_3882,dim_3883,dim_3884,dim_3885,dim_3886,dim_3887,dim_3888,dim_3889,dim_3890,dim_3891,dim_3892,dim_3893,dim_3894,dim_3895,dim_3896,dim_3897,dim_3898,dim_3899,dim_3900,dim_3901,dim_3902,dim_3903,dim_3904,dim_3905,dim_3906,dim_3907,dim_3908,dim_3909,dim_3910,dim_3911,dim_3912,dim_3913,dim_3914,dim_3915,dim_3916,dim_3917,dim_3918,dim_3919,dim_3920,dim_3921,dim_3922,dim_3923,dim_3924,dim_3925,dim_3926,dim_3927,dim_3928,dim_3929,dim_3930,dim_3931,dim_3932,dim_3933,dim_3934,dim_3935,dim_3936,dim_3937,dim_3938,dim_3939,dim_3940,dim_3941,dim_3942,dim_3943,dim_3944,dim_3945,dim_3946,dim_3947,dim_3948,dim_3949,dim_3950,dim_3951,dim_3952,dim_3953,dim_3954,dim_3955,dim_3956,dim_3957,dim_3958,dim_3959,dim_3960,dim_3961,dim_3962,dim_3963,dim_3964,dim_3965,dim_3966,dim_3967,dim_3968,dim_3969,dim_3970,dim_3971,dim_3972,dim_3973,dim_3974,dim_3975,dim_3976,dim_3977,dim_3978,dim_3979,dim_3980,dim_3981,dim_3982,dim_3983,dim_3984,dim_3985,dim_3986,dim_3987,dim_3988,dim_3989,dim_3990,dim_3991,dim_3992,dim_3993,dim_3994,dim_3995,dim_3996,dim_3997,dim_3998,dim_3999,dim_4000,dim_4001,dim_4002,dim_4003,dim_4004,dim_4005,dim_4006,dim_4007,dim_4008,dim_4009,dim_4010,dim_4011,dim_4012,dim_4013,dim_4014,dim_4015,dim_4016,dim_4017,dim_4018,dim_4019,dim_4020,dim_4021,dim_4022,dim_4023,dim_4024,dim_4025,dim_4026,dim_4027,dim_4028,dim_4029,dim_4030,dim_4031,dim_4032,dim_4033,dim_4034,dim_4035,dim_4036,dim_4037,dim_4038,dim_4039,dim_4040,dim_4041,dim_4042,dim_4043,dim_4044,dim_4045,dim_4046,dim_4047,dim_4048,dim_4049,dim_4050,dim_4051,dim_4052,dim_4053,dim_4054,dim_4055,dim_4056,dim_4057,dim_4058,dim_4059,dim_4060,dim_4061,dim_4062,dim_4063,dim_4064,dim_4065,dim_4066,dim_4067,dim_4068,dim_4069,dim_4070,dim_4071,dim_4072,dim_4073,dim_4074,dim_4075,dim_4076,dim_4077,dim_4078,dim_4079,dim_4080,dim_4081,dim_4082,dim_4083,dim_4084,dim_4085,dim_4086,dim_4087,dim_4088,dim_4089,dim_4090,dim_4091,dim_4092,dim_4093,dim_4094,dim_4095,dim_4096,dim_4097,dim_4098,dim_4099,dim_4100,dim_4101,dim_4102,dim_4103,dim_4104,dim_4105,dim_4106,dim_4107,dim_4108,dim_4109,dim_4110,dim_4111,dim_4112,dim_4113,dim_4114,dim_4115,dim_4116,dim_4117,dim_4118,dim_4119,dim_4120,dim_4121,dim_4122,dim_4123,dim_4124,dim_4125,dim_4126,dim_4127,dim_4128,dim_4129,dim_4130,dim_4131,dim_4132,dim_4133,dim_4134,dim_4135,dim_4136,dim_4137,dim_4138,dim_4139,dim_4140,dim_4141,dim_4142,dim_4143,dim_4144,dim_4145,dim_4146,dim_4147,dim_4148,dim_4149,dim_4150,dim_4151,dim_4152,dim_4153,dim_4154,dim_4155,dim_4156,dim_4157,dim_4158,dim_4159,dim_4160,dim_4161,dim_4162,dim_4163,dim_4164,dim_4165,dim_4166,dim_4167,dim_4168,dim_4169,dim_4170,dim_4171,dim_4172,dim_4173,dim_4174,dim_4175,dim_4176,dim_4177,dim_4178,dim_4179,dim_4180,dim_4181,dim_4182,dim_4183,dim_4184,dim_4185,dim_4186,dim_4187,dim_4188,dim_4189,dim_4190,dim_4191,dim_4192,dim_4193,dim_4194,dim_4195,dim_4196,dim_4197,dim_4198,dim_4199,dim_4200,dim_4201,dim_4202,dim_4203,dim_4204,dim_4205,dim_4206,dim_4207,dim_4208,dim_4209,dim_4210,dim_4211,dim_4212,dim_4213,dim_4214,dim_4215,dim_4216,dim_4217,dim_4218,dim_4219,dim_4220,dim_4221,dim_4222,dim_4223,dim_4224,dim_4225,dim_4226,dim_4227,dim_4228,dim_4229,dim_4230,dim_4231,dim_4232,dim_4233,dim_4234,dim_4235,dim_4236,dim_4237,dim_4238,dim_4239,dim_4240,dim_4241,dim_4242,dim_4243,dim_4244,dim_4245,dim_4246,dim_4247,dim_4248,dim_4249,dim_4250,dim_4251,dim_4252,dim_4253,dim_4254,dim_4255,dim_4256,dim_4257,dim_4258,dim_4259,dim_4260,dim_4261,dim_4262,dim_4263,dim_4264,dim_4265,dim_4266,dim_4267,dim_4268,dim_4269,dim_4270,dim_4271,dim_4272,dim_4273,dim_4274,dim_4275,dim_4276,dim_4277,dim_4278,dim_4279,dim_4280,dim_4281,dim_4282,dim_4283,dim_4284,dim_4285,dim_4286,dim_4287,dim_4288,dim_4289,dim_4290,dim_4291,dim_4292,dim_4293,dim_4294,dim_4295,dim_4296,dim_4297,dim_4298,dim_4299,dim_4300,dim_4301,dim_4302,dim_4303,dim_4304,dim_4305,dim_4306,dim_4307,dim_4308,dim_4309,dim_4310,dim_4311,dim_4312,dim_4313,dim_4314,dim_4315,dim_4316,dim_4317,dim_4318,dim_4319,dim_4320,dim_4321,dim_4322,dim_4323,dim_4324,dim_4325,dim_4326,dim_4327,dim_4328,dim_4329,dim_4330,dim_4331,dim_4332,dim_4333,dim_4334,dim_4335,dim_4336,dim_4337,dim_4338,dim_4339,dim_4340,dim_4341,dim_4342,dim_4343,dim_4344,dim_4345,dim_4346,dim_4347,dim_4348,dim_4349,dim_4350,dim_4351,dim_4352,dim_4353,dim_4354,dim_4355,dim_4356,dim_4357,dim_4358,dim_4359,dim_4360,dim_4361,dim_4362,dim_4363,dim_4364,dim_4365,dim_4366,dim_4367,dim_4368,dim_4369,dim_4370,dim_4371,dim_4372,dim_4373,dim_4374,dim_4375,dim_4376,dim_4377,dim_4378,dim_4379,dim_4380,dim_4381,dim_4382,dim_4383,dim_4384,dim_4385,dim_4386,dim_4387,dim_4388,dim_4389,dim_4390,dim_4391,dim_4392,dim_4393,dim_4394,dim_4395,dim_4396,dim_4397,dim_4398,dim_4399,dim_4400,dim_4401,dim_4402,dim_4403,dim_4404,dim_4405,dim_4406,dim_4407,dim_4408,dim_4409,dim_4410,dim_4411,dim_4412,dim_4413,dim_4414,dim_4415,dim_4416,dim_4417,dim_4418,dim_4419,dim_4420,dim_4421,dim_4422,dim_4423,dim_4424,dim_4425,dim_4426,dim_4427,dim_4428,dim_4429,dim_4430,dim_4431,dim_4432,dim_4433,dim_4434,dim_4435,dim_4436,dim_4437,dim_4438,dim_4439,dim_4440,dim_4441,dim_4442,dim_4443,dim_4444,dim_4445,dim_4446,dim_4447,dim_4448,dim_4449,dim_4450,dim_4451,dim_4452,dim_4453,dim_4454,dim_4455,dim_4456,dim_4457,dim_4458,dim_4459,dim_4460,dim_4461,dim_4462,dim_4463,dim_4464,dim_4465,dim_4466,dim_4467,dim_4468,dim_4469,dim_4470,dim_4471,dim_4472,dim_4473,dim_4474,dim_4475,dim_4476,dim_4477,dim_4478,dim_4479,dim_4480,dim_4481,dim_4482,dim_4483,dim_4484,dim_4485,dim_4486,dim_4487,dim_4488,dim_4489,dim_4490,dim_4491,dim_4492,dim_4493,dim_4494,dim_4495,dim_4496,dim_4497,dim_4498,dim_4499,dim_4500,dim_4501,dim_4502,dim_4503,dim_4504,dim_4505,dim_4506,dim_4507,dim_4508,dim_4509,dim_4510,dim_4511,dim_4512,dim_4513,dim_4514,dim_4515,dim_4516,dim_4517,dim_4518,dim_4519,dim_4520,dim_4521,dim_4522,dim_4523,dim_4524,dim_4525,dim_4526,dim_4527,dim_4528,dim_4529,dim_4530,dim_4531,dim_4532,dim_4533,dim_4534,dim_4535,dim_4536,dim_4537,dim_4538,dim_4539,dim_4540,dim_4541,dim_4542,dim_4543,dim_4544,dim_4545,dim_4546,dim_4547,dim_4548,dim_4549,dim_4550,dim_4551,dim_4552,dim_4553,dim_4554,dim_4555,dim_4556,dim_4557,dim_4558,dim_4559,dim_4560,dim_4561,dim_4562,dim_4563,dim_4564,dim_4565,dim_4566,dim_4567,dim_4568,dim_4569,dim_4570,dim_4571,dim_4572,dim_4573,dim_4574,dim_4575,dim_4576,dim_4577,dim_4578,dim_4579,dim_4580,dim_4581,dim_4582,dim_4583,dim_4584,dim_4585,dim_4586,dim_4587,dim_4588,dim_4589,dim_4590,dim_4591,dim_4592,dim_4593,dim_4594,dim_4595,dim_4596,dim_4597,dim_4598,dim_4599,dim_4600,dim_4601,dim_4602,dim_4603,dim_4604,dim_4605,dim_4606,dim_4607,dim_4608,dim_4609,dim_4610,dim_4611,dim_4612,dim_4613,dim_4614,dim_4615,dim_4616,dim_4617,dim_4618,dim_4619,dim_4620,dim_4621,dim_4622,dim_4623,dim_4624,dim_4625,dim_4626,dim_4627,dim_4628,dim_4629,dim_4630,dim_4631,dim_4632,dim_4633,dim_4634,dim_4635,dim_4636,dim_4637,dim_4638,dim_4639,dim_4640,dim_4641,dim_4642,dim_4643,dim_4644,dim_4645,dim_4646,dim_4647,dim_4648,dim_4649,dim_4650,dim_4651,dim_4652,dim_4653,dim_4654,dim_4655,dim_4656,dim_4657,dim_4658,dim_4659,dim_4660,dim_4661,dim_4662,dim_4663,dim_4664,dim_4665,dim_4666,dim_4667,dim_4668,dim_4669,dim_4670,dim_4671,dim_4672,dim_4673,dim_4674,dim_4675,dim_4676,dim_4677,dim_4678,dim_4679,dim_4680,dim_4681,dim_4682,dim_4683,dim_4684,dim_4685,dim_4686,dim_4687,dim_4688,dim_4689,dim_4690,dim_4691,dim_4692,dim_4693,dim_4694,dim_4695,dim_4696,dim_4697,dim_4698,dim_4699,dim_4700,dim_4701,dim_4702,dim_4703,dim_4704,dim_4705,dim_4706,dim_4707,dim_4708,dim_4709,dim_4710,dim_4711,dim_4712,dim_4713,dim_4714,dim_4715,dim_4716,dim_4717,dim_4718,dim_4719,dim_4720,dim_4721,dim_4722,dim_4723,dim_4724,dim_4725,dim_4726,dim_4727,dim_4728,dim_4729,dim_4730,dim_4731,dim_4732,dim_4733,dim_4734,dim_4735,dim_4736,dim_4737,dim_4738,dim_4739,dim_4740,dim_4741,dim_4742,dim_4743,dim_4744,dim_4745,dim_4746,dim_4747,dim_4748,dim_4749,dim_4750,dim_4751,dim_4752,dim_4753,dim_4754,dim_4755,dim_4756,dim_4757,dim_4758,dim_4759,dim_4760,dim_4761,dim_4762,dim_4763,dim_4764,dim_4765,dim_4766,dim_4767,dim_4768,dim_4769,dim_4770,dim_4771,dim_4772,dim_4773,dim_4774,dim_4775,dim_4776,dim_4777,dim_4778,dim_4779,dim_4780,dim_4781,dim_4782,dim_4783,dim_4784,dim_4785,dim_4786,dim_4787,dim_4788,dim_4789,dim_4790,dim_4791,dim_4792,dim_4793,dim_4794,dim_4795,dim_4796,dim_4797,dim_4798,dim_4799,dim_4800,dim_4801,dim_4802,dim_4803,dim_4804,dim_4805,dim_4806,dim_4807,dim_4808,dim_4809,dim_4810,dim_4811,dim_4812,dim_4813,dim_4814,dim_4815,dim_4816,dim_4817,dim_4818,dim_4819,dim_4820,dim_4821,dim_4822,dim_4823,dim_4824,dim_4825,dim_4826,dim_4827,dim_4828,dim_4829,dim_4830,dim_4831,dim_4832,dim_4833,dim_4834,dim_4835,dim_4836,dim_4837,dim_4838,dim_4839,dim_4840,dim_4841,dim_4842,dim_4843,dim_4844,dim_4845,dim_4846,dim_4847,dim_4848,dim_4849,dim_4850,dim_4851,dim_4852,dim_4853,dim_4854,dim_4855,dim_4856,dim_4857,dim_4858,dim_4859,dim_4860,dim_4861,dim_4862,dim_4863,dim_4864,dim_4865,dim_4866,dim_4867,dim_4868,dim_4869,dim_4870,dim_4871,dim_4872,dim_4873,dim_4874,dim_4875,dim_4876,dim_4877,dim_4878,dim_4879,dim_4880,dim_4881,dim_4882,dim_4883,dim_4884,dim_4885,dim_4886,dim_4887,dim_4888,dim_4889,dim_4890,dim_4891,dim_4892,dim_4893,dim_4894,dim_4895,dim_4896,dim_4897,dim_4898,dim_4899,dim_4900,dim_4901,dim_4902,dim_4903,dim_4904,dim_4905,dim_4906,dim_4907,dim_4908,dim_4909,dim_4910,dim_4911,dim_4912,dim_4913,dim_4914,dim_4915,dim_4916,dim_4917,dim_4918,dim_4919,dim_4920,dim_4921,dim_4922,dim_4923,dim_4924,dim_4925,dim_4926,dim_4927,dim_4928,dim_4929,dim_4930,dim_4931,dim_4932,dim_4933,dim_4934,dim_4935,dim_4936,dim_4937,dim_4938,dim_4939,dim_4940,dim_4941,dim_4942,dim_4943,dim_4944,dim_4945,dim_4946,dim_4947,dim_4948,dim_4949,dim_4950,dim_4951,dim_4952,dim_4953,dim_4954,dim_4955,dim_4956,dim_4957,dim_4958,dim_4959,dim_4960,dim_4961,dim_4962,dim_4963,dim_4964,dim_4965,dim_4966,dim_4967,dim_4968,dim_4969,dim_4970,dim_4971,dim_4972,dim_4973,dim_4974,dim_4975,dim_4976,dim_4977,dim_4978,dim_4979,dim_4980,dim_4981,dim_4982,dim_4983,dim_4984,dim_4985,dim_4986,dim_4987,dim_4988,dim_4989,dim_4990,dim_4991,dim_4992,dim_4993,dim_4994,dim_4995,dim_4996,dim_4997,dim_4998,dim_4999,dim_5000,dim_5001,dim_5002,dim_5003,dim_5004,dim_5005,dim_5006,dim_5007,dim_5008,dim_5009,dim_5010,dim_5011,dim_5012,dim_5013,dim_5014,dim_5015,dim_5016,dim_5017,dim_5018,dim_5019,dim_5020,dim_5021,dim_5022,dim_5023,dim_5024,dim_5025,dim_5026,dim_5027,dim_5028,dim_5029,dim_5030,dim_5031,dim_5032,dim_5033,dim_5034,dim_5035,dim_5036,dim_5037,dim_5038,dim_5039,dim_5040,dim_5041,dim_5042,dim_5043,dim_5044,dim_5045,dim_5046,dim_5047,dim_5048,dim_5049,dim_5050,dim_5051,dim_5052,dim_5053,dim_5054,dim_5055,dim_5056,dim_5057,dim_5058,dim_5059,dim_5060,dim_5061,dim_5062,dim_5063,dim_5064,dim_5065,dim_5066,dim_5067,dim_5068,dim_5069,dim_5070,dim_5071,dim_5072,dim_5073,dim_5074,dim_5075,dim_5076,dim_5077,dim_5078,dim_5079,dim_5080,dim_5081,dim_5082,dim_5083,dim_5084,dim_5085,dim_5086,dim_5087,dim_5088,dim_5089,dim_5090,dim_5091,dim_5092,dim_5093,dim_5094,dim_5095,dim_5096,dim_5097,dim_5098,dim_5099,dim_5100,dim_5101,dim_5102,dim_5103,dim_5104,dim_5105,dim_5106,dim_5107,dim_5108,dim_5109,dim_5110,dim_5111,dim_5112,dim_5113,dim_5114,dim_5115,dim_5116,dim_5117,dim_5118,dim_5119
0,-0.09765625,4.25,-1.71875,0.515625,1.1875,-0.22265625,-0.1103515625,-0.037109375,-1.7265625,-8.875,2.5625,-1.375,4.4375,1.21875,11.75,0.1875,0.06396484375,1.65625,-0.0859375,-2.0,-1.515625,-1.125,1.3203125,0.3671875,-3.8125,-6.21875,-1.6796875,0.4296875,11.25,1.015625,-0.8671875,-0.69140625,0.49609375,-0.79296875,-2.203125,0.2734375,-0.49609375,-2.078125,-7.09375,4.625,-1.15625,-1.859375,-0.66015625,0.73828125,0.79296875,-1.96875,2.0,1.9921875,-3.09375,-1.25,1.8671875,-1.28125,1.328125,-2.875,5.625,0.83984375,-0.91796875,-3.390625,-7.34375,-0.5078125,2.21875,0.46875,1.171875,4.21875,-1.015625,1.46875,3.890625,1.5234375,-0.25,-1.8125,1.0546875,9.125,-2.703125,0.0595703125,0.18359375,-1.0703125,2.3125,3.703125,-0.3828125,2.34375,0.83203125,0.828125,0.7734375,-2.75,6.8125,0.33984375,-2.46875,-1.4375,1.3984375,3.140625,-5.71875,2.5625,-0.7734375,9.25,1.7734375,0.0556640625,-1.3203125,0.78125,-0.294921875,-0.8203125,1.140625,1.8046875,-2.578125,0.5703125,-6.90625,2.015625,5.5625,-0.8828125,1.15625,-0.49609375,-0.421875,1.578125,0.7890625,1.8828125,-1.7109375,2.84375,-0.30859375,-0.130859375,-1.546875,5.9375,-0.9375,0.4296875,4.9375,1.25,0.8671875,1.1171875,-0.1640625,2.34375,3.0625,3.921875,-1.2578125,-0.2021484375,-2.125,0.4453125,-1.0390625,1.90625,7.21875,0.90625,-0.16015625,-4.75,1.171875,-0.546875,6.9375,0.7890625,-0.41015625,-2.625,2.4375,3.875,-2.078125,-0.35546875,-2.203125,-3.046875,-0.1640625,-5.875,0.70703125,0.46484375,-2.53125,5.28125,0.0078125,0.8046875,-1.21875,-2.4375,-0.3671875,-3.5625,-4.4375,-1.484375,1.203125,0.5703125,1.03125,1.75,-0.1875,-5.1875,-0.625,-1.6796875,0.453125,1.1640625,1.515625,4.96875,2.6875,3.71875,-3.421875,-0.9375,-0.1953125,-0.203125,0.65625,0.515625,0.44140625,-1.203125,-0.5859375,2.421875,-5.3125,0.12890625,-0.25,-2.609375,0.3125,1.1796875,0.7265625,-1.0,-2.109375,-3.28125,1.640625,-0.9375,1.65625,0.25390625,0.95703125,-0.365234375,-0.39453125,0.984375,-1.625,4.125,0.03125,2.296875,8.4375,0.5703125,1.765625,-0.671875,0.8203125,3.703125,-0.009765625,-2.6875,-0.59375,-0.87109375,2.15625,1.0390625,-1.421875,-1.1875,-3.234375,-0.53125,10.125,0.8671875,-0.302734375,-0.99609375,-1.6171875,-3.03125,-3.625,0.53125,2.3125,1.1875,-1.25,-6.375,-1.421875,1.9921875,-0.70703125,0.5625,-0.318359375,1.328125,0.5390625,0.98828125,1.375,9.625,-1.8671875,1.390625,-1.671875,-0.3359375,-1.5390625,-1.4140625,2.5,-0.578125,3.4375,-0.134765625,2.53125,0.7578125,-6.59375,-1.71875,-1.0078125,-0.30859375,-1.28125,-3.125,0.8515625,1.6484375,-1.828125,-0.09375,-2.9375,0.65234375,-2.65625,3.375,4.8125,-0.64453125,2.0625,-1.1875,-2.609375,-3.375,-1.96875,-5.1875,-0.1484375,-0.17578125,-1.078125,-6.15625,0.984375,3.40625,-1.609375,-0.171875,-0.3046875,-2.40625,0.0078125,3.09375,0.71484375,3.6875,-3.34375,1.3515625,-0.294921875,-0.49609375,0.4375,0.796875,-2.59375,0.328125,0.5546875,0.9375,-2.859375,8.75,0.98046875,-0.828125,-1.2734375,0.69140625,3.453125,24.75,0.265625,2.78125,-0.9453125,0.359375,-5.5625,3.03125,1.765625,-2.75,1.0,2.234375,2.625,-2.09375,0.80859375,-4.875,-0.203125,-1.4375,-0.703125,-0.447265625,-17.5,0.072265625,0.65625,2.8125,-0.93359375,1.0234375,2.484375,5.6875,0.3046875,2.609375,-1.234375,0.77734375,-0.9921875,1.0,0.34765625,0.71484375,-6.6875,20.875,4.0,1.375,4.4375,-1.75,2.09375,-1.6796875,-7.71875,-0.67578125,1.390625,-0.8984375,1.0546875,0.99609375,0.6953125,-0.345703125,-0.298828125,4.09375,2.109375,-8.5,-1.171875,0.88671875,3.4375,-3.765625,-2.734375,0.224609375,0.59765625,-0.26953125,1.5,-0.91796875,1.7578125,-5.5,1.453125,-3.890625,1.53125,0.42578125,-1.421875,1.4375,2.015625,-0.1640625,11.25,1.5078125,1.359375,-1.7421875,2.3125,0.8125,-1.109375,-0.37109375,-0.3828125,-2.78125,1.71875,-6.9375,-1.3359375,2.0,-2.234375,1.40625,1.6796875,-3.25,-1.8984375,-0.86328125,-2.0,-2.09375,-0.3203125,-4.375,-1.671875,19.0,-2.140625,0.23828125,0.609375,-0.09375,-1.265625,0.625,0.3828125,-2.5625,3.171875,-1.875,-1.4375,3.09375,-1.796875,1.8125,0.3203125,-2.765625,-5.125,-1.1796875,3.40625,-2.53125,-3.65625,1.34375,2.125,-1.1640625,-0.56640625,0.1845703125,-1.078125,0.51171875,-0.3828125,1.4765625,0.62890625,-6.625,-0.078125,1.84375,0.435546875,0.359375,-1.28125,-0.0390625,0.78515625,-1.796875,-1.03125,-3.65625,7.3125,-4.4375,1.25,-3.984375,-0.6015625,0.49609375,2.0625,-2.25,1.3046875,-0.111328125,2.640625,-0.40234375,1.734375,0.98046875,-1.734375,1.96875,-1.75,5.0625,-0.0859375,8.625,0.3203125,-1.9140625,-1.15625,1.171875,1.4921875,-0.71875,-0.400390625,9.375,-2.0,1.234375,-2.265625,-1.6796875,-3.5625,-1.421875,1.59375,4.1875,-0.33203125,3.6875,-0.3125,2.953125,-0.22265625,-0.85546875,-1.1171875,3.984375,-2.140625,-1.78125,-0.828125,0.59375,-0.462890625,4.28125,-0.06640625,-2.1875,-0.076171875,-0.78515625,-0.6875,-2.203125,0.65625,0.90625,4.40625,0.3671875,2.53125,-0.9921875,0.671875,-0.41015625,-1.1640625,-0.5859375,0.09375,3.875,2.984375,-0.20703125,-2.1875,-2.515625,0.578125,1.6015625,1.6796875,1.9140625,-0.3125,1.4296875,0.890625,-2.625,0.48046875,4.75,0.09375,-0.59765625,-0.3125,-3.65625,-0.45703125,0.109375,-0.03125,3.71875,0.7109375,0.10205078125,0.310546875,3.046875,-0.51953125,1.515625,1.1875,2.828125,3.8125,0.11328125,-0.40625,2.140625,4.0,-1.390625,-0.408203125,1.484375,2.34375,0.7890625,3.390625,0.625,-0.6875,1.5625,1.125,-0.44140625,0.05859375,-1.90625,-1.421875,-2.234375,9.5,-0.4921875,-5.25,-0.578125,-2.796875,1.8984375,-1.2265625,1.3828125,-4.21875,1.28125,0.072265625,2.53125,-0.1015625,6.25,1.515625,-6.5625,-1.7734375,-1.578125,-0.6171875,-7.59375,3.4375,0.90625,0.9921875,-1.71875,2.71875,1.765625,-0.015625,-0.15625,-0.9296875,-0.60546875,-0.51953125,1.2734375,-0.451171875,0.74609375,-2.25,2.53125,-2.4375,2.671875,0.1484375,0.953125,-1.8671875,-1.0390625,1.0390625,-1.1640625,-2.21875,-0.140625,2.25,-1.625,1.15625,-0.9296875,0.0224609375,-1.5,-0.0712890625,0.75,-0.275390625,-0.1328125,-3.015625,0.53515625,3.234375,1.296875,0.6328125,-1.8359375,0.234375,-1.5859375,-1.46875,-0.0546875,-1.28125,-1.734375,-0.9609375,0.90625,-1.328125,-1.328125,-1.5703125,1.53125,-1.3125,2.78125,-0.74609375,-2.125,-0.83984375,-6.5,-0.09375,-1.6875,1.59375,0.984375,0.0859375,-0.8671875,-1.6171875,-0.22265625,1.15625,1.5234375,-0.474609375,0.9375,4.1875,1.4921875,-1.7421875,-0.1376953125,-1.0078125,8.9375,-2.25,4.4375,-0.052734375,-2.140625,0.25,1.1328125,1.578125,1.46875,0.8984375,-5.4375,5.03125,1.1015625,-0.58203125,-0.73046875,-1.90625,-0.94921875,11.625,-2.953125,-0.044921875,-64.0,0.53515625,1.2578125,1.640625,-1.1953125,1.9140625,1.84375,-1.7421875,2.8125,-1.953125,-1.171875,3.59375,-0.7421875,-1.328125,0.70703125,0.6640625,0.9453125,0.921875,3.34375,-1.3125,0.3125,-0.02734375,-3.609375,-0.138671875,-0.412109375,-0.859375,-0.318359375,-5.21875,-1.328125,-0.9375,1.015625,0.02734375,1.765625,-0.5,-2.359375,-2.8125,-0.287109375,-2.28125,-0.173828125,1.1015625,1.0703125,1.0859375,2.171875,2.671875,0.86328125,1.5234375,0.326171875,-7.90625,0.232421875,2.1875,0.02734375,1.0625,0.96875,2.3125,-4.25,0.55078125,0.21484375,-0.15234375,-1.234375,-4.21875,1.03125,1.3359375,2.40625,-1.6875,1.109375,3.515625,-1.328125,-1.1875,-1.96875,-2.34375,-2.546875,-1.5234375,0.0185546875,1.4140625,-0.8359375,-7.375,-0.7578125,0.32421875,-1.8671875,-2.6875,0.0859375,-2.0,0.388671875,-0.4609375,-0.48046875,-0.353515625,2.84375,-0.5390625,0.21484375,-0.046875,2.15625,-1.9453125,-2.53125,-2.875,-0.16015625,2.78125,0.2578125,1.1875,2.625,1.140625,0.63671875,2.734375,0.0732421875,-1.6875,2.40625,1.125,0.353515625,0.9765625,-2.421875,2.390625,0.017578125,0.294921875,1.203125,-0.1953125,-6.8125,-0.9921875,-8.8125,2.515625,2.5625,0.6875,-0.33984375,0.69140625,-1.8203125,-1.828125,-0.328125,0.244140625,0.59765625,-1.765625,0.4375,-1.484375,-1.3515625,-0.3359375,0.46484375,-1.9375,-0.7578125,2.8125,0.0244140625,-12.0,2.15625,0.45703125,0.984375,-0.3046875,1.53125,2.78125,1.78125,-0.5390625,1.0625,1.3046875,-3.484375,1.375,-0.453125,-1.15625,1.21875,-1.6875,2.046875,-1.140625,-1.203125,0.458984375,0.029296875,0.01953125,0.201171875,-2.78125,1.2265625,0.75,-2.140625,6.75,6.1875,-1.125,-1.5234375,-2.8125,-1.890625,1.9453125,-2.203125,0.65234375,2.609375,-0.0703125,-2.421875,-3.296875,-0.5625,-0.1142578125,-7.09375,-0.7890625,-0.32421875,1.8203125,2.671875,-0.3125,4.3125,-0.2734375,-5.625,-0.5703125,-4.0625,1.59375,0.435546875,0.62890625,-2.234375,-0.51953125,1.078125,6.46875,2.671875,2.171875,2.1875,5.03125,-0.96875,-6.78125,-1.2890625,2.9375,2.5625,-0.8671875,-1.1484375,-4.0625,0.82421875,-1.3671875,-0.0986328125,1.75,-1.484375,1.875,2.125,2.625,-3.234375,2.6875,0.5859375,-4.0625,2.3125,-2.46875,-0.62109375,5.625,-1.515625,9.25,0.515625,-5.5,1.7421875,1.7890625,-0.1171875,-1.0546875,-3.359375,-6.65625,-1.4921875,-0.53125,0.984375,0.83984375,3.203125,1.1328125,-0.37109375,-1.15625,-0.921875,2.59375,-0.08203125,-2.546875,-0.94921875,-1.4140625,1.078125,-1.3671875,-2.125,1.9765625,1.875,-0.3203125,8.25,2.5,1.5078125,1.7890625,0.07080078125,-1.359375,-0.58984375,-0.078125,-1.078125,-0.7109375,-1.5390625,1.3828125,-1.515625,-2.578125,-0.84375,-15.25,1.421875,0.0625,-0.625,2.296875,9.3125,-5.25,-1.421875,0.796875,-0.3359375,1.28125,-4.3125,0.65625,-3.546875,-2.3125,0.8046875,1.7734375,-4.65625,0.640625,0.1689453125,-1.671875,0.287109375,-0.73046875,0.177734375,0.404296875,-1.890625,3.09375,-0.34765625,0.7265625,3.75,-0.9765625,-1.9921875,0.6640625,2.796875,1.421875,-0.375,-2.625,0.828125,-1.671875,1.453125,1.3515625,1.234375,-0.8359375,0.578125,3.0,-0.3984375,1.3203125,-2.25,0.22265625,-1.203125,0.93359375,3.5625,0.4921875,-0.484375,-0.25390625,-3.125,1.84375,-1.71875,4.53125,0.109375,-1.6953125,-1.421875,1.703125,1.4296875,0.890625,-0.5625,1.25,-13.9375,-0.53515625,0.27734375,-1.296875,1.078125,2.5,-0.322265625,5.65625,0.0283203125,0.5078125,-1.515625,10.75,1.71875,-2.171875,-2.765625,-0.0390625,1.140625,-0.9921875,-0.00390625,1.09375,1.1328125,-1.8125,2.1875,1.171875,-4.875,0.68359375,-0.4296875,-0.8515625,-0.0390625,-0.326171875,-1.109375,0.86328125,-1.453125,-1.15625,-3.6875,6.15625,3.5625,-0.1953125,3.5,13.6875,-1.3125,3.1875,-3.140625,-1.2890625,-2.640625,-1.6328125,-1.1484375,-0.765625,2.09375,-0.30078125,1.4453125,-1.8046875,2.71875,-0.73828125,-0.19921875,-1.296875,-1.609375,-0.36328125,1.09375,-2.1875,0.28515625,-1.5859375,3.875,-0.6875,1.9765625,2.40625,-4.21875,1.0078125,0.1826171875,-0.734375,-3.9375,1.125,0.16015625,-1.2890625,-2.796875,-0.01953125,0.197265625,2.421875,-0.017578125,1.71875,-2.625,-3.609375,-0.71875,-0.6953125,1.171875,-7.09375,2.46875,-1.3359375,-1.375,0.59375,-5.34375,-0.546875,-0.3359375,0.47265625,7.40625,2.921875,2.515625,1.3984375,-0.1962890625,-0.353515625,-1.734375,-2.40625,1.65625,-0.4375,-3.40625,2.484375,-1.25,-0.359375,12.0625,-1.1875,0.68359375,-1.453125,-0.0546875,-1.953125,16.125,6.625,-0.04296875,7.59375,2.0,0.5859375,0.75390625,-0.35546875,0.23828125,-2.3125,-1.2734375,-0.74609375,-0.859375,-0.16015625,-0.3828125,-1.515625,-1.25,-2.96875,2.296875,-0.4921875,3.390625,-0.1455078125,-1.90625,1.0,1.8984375,0.390625,0.62890625,1.6875,0.1689453125,0.6953125,-3.625,-1.65625,-0.4765625,-0.59375,1.7265625,7.75,-4.0625,2.0625,0.40625,-4.09375,1.578125,2.875,-0.62109375,-1.1640625,0.875,3.234375,-1.0078125,0.515625,1.3203125,-0.953125,0.1826171875,0.703125,0.71875,-1.2890625,-3.890625,4.25,-0.0625,-2.90625,-0.828125,-0.26953125,-2.15625,1.421875,-0.384765625,-3.78125,0.419921875,-0.08203125,-1.171875,0.47265625,1.125,-3.265625,1.828125,0.6953125,1.34375,0.58203125,-1.078125,-4.9375,-0.5390625,1.3359375,-1.5703125,-2.71875,-0.390625,-2.59375,2.484375,1.078125,-0.88671875,-1.4609375,1.3359375,1.703125,1.9375,1.0546875,0.5546875,-0.4921875,0.265625,0.921875,-2.28125,1.0390625,-1.203125,-1.421875,1.46875,-0.8828125,16.875,-1.0546875,1.1953125,-1.328125,-3.78125,-2.359375,-1.0546875,-0.7578125,-0.03125,2.3125,-1.5,-0.625,0.65234375,1.78125,-1.5,2.5,1.796875,-2.28125,0.91796875,-9.125,3.5,1.0234375,0.369140625,-0.83984375,-5.5,-2.40625,2.21875,2.09375,0.921875,-1.2578125,1.8359375,4.15625,-0.71875,1.109375,-1.1875,-0.427734375,-2.078125,-2.59375,-0.1171875,0.78515625,0.75390625,-0.74609375,-2.3125,-1.25,0.6875,8.6875,4.8125,0.18359375,-1.375,-0.8359375,0.7578125,6.5625,-0.2734375,-8.0625,-28.125,1.484375,3.078125,-0.05078125,0.02734375,-0.33984375,-4.6875,-0.640625,-4.5625,-3.53125,0.08349609375,1.4453125,1.5859375,0.083984375,0.9609375,-1.0,-0.078125,-7.03125,3.546875,-1.9453125,-0.48828125,1.578125,2.578125,-0.2265625,0.1328125,-2.859375,-0.8671875,4.15625,1.125,-0.9453125,1.3125,3.0625,2.015625,1.21875,-0.1484375,-3.203125,2.0625,0.1640625,-0.78515625,-4.34375,1.578125,1.078125,1.109375,-4.4375,-0.828125,-2.0,-0.51953125,-3.359375,-2.609375,-2.28125,-2.03125,-1.2890625,0.8828125,-1.1875,1.140625,-5.5,1.0,0.70703125,0.037109375,-0.4375,-1.703125,-0.7265625,-0.859375,-0.5625,-0.921875,-0.98046875,1.53125,1.96875,1.8515625,0.4921875,-2.625,1.5625,-7.9375,-15.5625,-0.8984375,3.765625,1.40625,-1.46875,-0.3125,-0.68359375,-1.359375,-1.5859375,-0.140625,2.21875,-0.71875,0.50390625,1.765625,-1.3125,-0.94921875,2.140625,0.228515625,5.03125,2.421875,1.109375,-2.78125,-0.79296875,3.34375,-1.46875,0.78515625,0.9921875,0.8125,-0.109375,0.96875,0.76171875,0.18359375,0.796875,-1.390625,1.5078125,-2.28125,-1.328125,2.5625,1.25,0.07421875,-0.515625,4.4375,0.375,-5.9375,-0.7109375,-2.25,0.5,1.375,2.28125,-0.166015625,-1.984375,-3.484375,-0.703125,-2.859375,-0.87109375,1.4375,-1.0390625,-0.484375,7.25,-1.5,1.203125,-0.291015625,1.5,-0.203125,1.828125,-1.953125,1.6328125,-3.640625,-2.46875,-2.6875,4.03125,-1.8515625,-5.25,1.65625,-2.203125,-0.83203125,-2.765625,-1.4921875,1.125,-2.625,0.0791015625,0.23828125,1.15625,-1.203125,-1.6328125,-0.98046875,-1.3671875,-1.1015625,-1.078125,-5.4375,0.197265625,-1.34375,-5.0,0.796875,-16.875,-2.984375,-5.125,1.2734375,-9.75,-3.09375,-1.296875,0.76953125,0.77734375,-0.2578125,2.53125,1.7578125,2.21875,-0.0703125,-3.734375,0.3671875,0.85546875,-0.1484375,-0.0078125,1.3671875,-0.55859375,1.015625,2.8125,-1.546875,-0.38671875,2.890625,0.21484375,1.234375,-2.09375,0.28125,0.72265625,-0.578125,1.359375,1.2734375,-2.25,-0.3359375,3.9375,0.28125,7.96875,-6.5,-1.9140625,0.44921875,0.796875,0.7578125,-0.2265625,-1.03125,0.7109375,1.15625,-4.875,-1.4765625,-7.4375,2.203125,0.37890625,-2.59375,-0.287109375,1.2421875,-7.65625,3.09375,3.359375,1.5703125,-1.0546875,0.5625,0.4921875,1.4375,2.546875,1.46875,1.875,2.015625,1.0546875,-1.8671875,-1.8046875,-2.25,-1.046875,1.546875,-1.9609375,-1.8046875,-1.671875,1.0859375,0.03515625,-5.75,-1.390625,-3.421875,-3.625,1.921875,-4.15625,1.3359375,-1.640625,-1.765625,0.1962890625,-4.90625,3.015625,-10.0625,0.3671875,-1.296875,-0.33203125,2.390625,2.375,-2.234375,0.4921875,0.275390625,-0.12890625,2.515625,-1.0,0.87109375,-1.890625,2.671875,-4.25,2.71875,1.6171875,-2.171875,8.8125,0.01171875,2.1875,-2.296875,-0.3828125,-0.4296875,0.0703125,-1.078125,0.44140625,0.625,1.4921875,0.0078125,-0.8984375,1.0078125,0.474609375,2.484375,2.796875,-1.1484375,0.7421875,3.25,-0.482421875,-0.640625,-0.79296875,1.2734375,-1.71875,0.109375,5.25,-2.375,-0.181640625,-0.13671875,0.72265625,-2.4375,-0.1953125,-8.6875,2.3125,-1.71875,3.0,-0.0625,-0.38671875,-2.15625,-2.390625,1.140625,-0.9375,0.640625,0.404296875,2.78125,-1.234375,0.9609375,-2.1875,0.2734375,6.53125,-1.5625,1.78125,3.96875,1.171875,-1.4453125,-0.6796875,0.197265625,0.96875,2.53125,-2.359375,-1.953125,0.19921875,1.09375,-1.0625,-1.328125,1.734375,-1.3203125,0.95703125,-2.109375,-1.265625,0.6640625,-0.34375,-1.421875,-1.4296875,-1.921875,2.15625,1.015625,1.5859375,-0.203125,1.2109375,2.34375,6.84375,-1.4375,2.625,-1.34375,1.1484375,-3.84375,-0.0078125,2.875,-0.55859375,-1.7421875,-0.1240234375,0.7109375,2.5,2.9375,1.3203125,-1.2734375,-1.9140625,0.31640625,-2.078125,-0.01953125,-1.6640625,-2.5,-2.234375,-2.25,1.515625,-0.875,-0.03125,2.578125,2.125,2.4375,0.12890625,0.67578125,0.60546875,4.21875,-1.484375,-1.859375,3.609375,-5.625,-20.625,-0.53515625,-0.62109375,0.16796875,2.578125,0.30078125,2.21875,-1.234375,1.015625,-2.78125,1.0234375,-0.8046875,0.234375,-5.375,1.4609375,-0.5078125,-1.25,-1.78125,-1.8359375,0.2265625,-0.8203125,-2.84375,-1.0234375,14.625,-1.0703125,-1.171875,0.6640625,-1.0703125,-1.203125,-0.08984375,0.40234375,-3.359375,-2.203125,-1.4453125,0.060546875,0.20703125,-1.265625,-1.40625,-3.421875,-0.4140625,3.125,-0.6796875,2.078125,-0.9140625,3.578125,-1.625,-0.7421875,-2.59375,-0.140625,-0.7890625,-0.3359375,-0.57421875,-2.40625,-1.890625,-2.0625,-0.068359375,3.03125,4.34375,-1.109375,-0.66015625,8.0625,0.6015625,-1.875,2.3125,5.0,-1.953125,3.65625,0.984375,0.703125,0.296875,0.30078125,0.70703125,2.515625,-0.2578125,-1.4609375,0.84375,-4.375,1.203125,-0.55078125,1.359375,-0.466796875,-1.2421875,0.75390625,-0.66015625,5.6875,1.5859375,-2.203125,-6.40625,-0.7109375,-1.7578125,0.14453125,0.49609375,0.765625,-0.5546875,-0.6015625,2.140625,-0.94140625,-0.412109375,2.515625,-2.671875,0.1015625,2.71875,0.81640625,-2.453125,3.5,-5.4375,-1.015625,-2.03125,1.7578125,0.3828125,-0.058837890625,-0.90234375,1.15625,1.4140625,-9.0625,-2.703125,2.953125,0.265625,0.0625,1.0703125,-2.375,4.6875,-1.171875,-1.8125,3.71875,0.88671875,-4.03125,-0.703125,11.625,-3.703125,-1.484375,-0.640625,0.19921875,-10.1875,0.228515625,1.40625,-1.015625,1.53125,0.115234375,4.71875,-0.94140625,1.90625,-2.96875,2.125,-2.71875,0.56640625,1.6953125,-0.890625,0.23828125,2.390625,-4.1875,-4.375,0.103515625,-4.875,1.7890625,0.19921875,2.78125,-1.8125,0.9609375,-0.734375,-0.015625,-1.09375,-2.09375,2.1875,3.625,2.328125,-1.453125,-3.15625,-1.375,-0.015625,1.734375,1.0859375,2.65625,0.66796875,0.34765625,-3.234375,-5.03125,-0.8515625,1.5,-2.703125,-1.984375,2.375,-0.7109375,0.0546875,-1.2421875,-0.3828125,-2.21875,-1.71875,2.703125,1.796875,-0.3125,-0.62109375,2.03125,-3.140625,1.59375,0.0546875,-3.6875,-0.609375,-0.62109375,-1.7265625,0.78125,1.1171875,-1.5625,0.0859375,1.9140625,2.796875,-6.9375,-0.5546875,-1.703125,-0.412109375,-0.26953125,-1.703125,-0.2265625,-2.96875,0.7265625,2.921875,-0.3828125,-2.5,-6.1875,-3.109375,0.46875,-0.6953125,1.7265625,5.6875,-0.52734375,-0.8515625,-0.5859375,-0.333984375,0.61328125,-0.44921875,1.484375,0.3828125,-0.8828125,-2.921875,2.59375,3.5,-7.96875,0.875,13.5625,-0.375,-0.671875,1.5390625,1.96875,-0.01953125,-1.8125,2.375,-0.5,-2.8125,1.609375,0.6484375,2.15625,0.02734375,0.037109375,-0.02734375,2.21875,-0.1796875,-0.1904296875,0.97265625,-10.3125,-2.421875,0.6640625,1.015625,-1.921875,-1.234375,6.4375,-2.828125,2.984375,0.427734375,-0.232421875,-0.67578125,0.34375,0.1171875,-0.251953125,-2.515625,3.140625,-1.28125,-1.578125,5.4375,-4.03125,-2.21875,1.7890625,0.04296875,0.4765625,1.109375,-0.921875,-1.8359375,1.6875,2.234375,0.46875,2.25,0.478515625,2.125,1.796875,-0.265625,-0.19921875,1.0390625,-0.30859375,-0.171875,0.5625,0.0224609375,7.40625,-1.984375,-1.2109375,3.5625,7.53125,1.265625,2.71875,1.796875,1.25,-0.46875,-3.28125,0.2138671875,3.578125,2.84375,-0.31640625,-2.328125,2.765625,0.015625,-0.80859375,3.4375,2.65625,-0.94140625,1.0234375,0.1748046875,-2.125,-0.046875,0.796875,1.546875,0.7578125,-2.296875,1.0078125,2.8125,0.796875,0.42578125,-3.0,0.4453125,3.859375,3.734375,-0.6640625,0.015625,0.890625,0.453125,-2.046875,0.021484375,3.09375,-1.0,-0.7109375,2.3125,-0.294921875,-0.41015625,0.37109375,1.109375,2.34375,0.90625,-0.7578125,2.9375,-0.8515625,-0.71875,-0.4921875,-1.59375,1.4921875,1.34375,0.490234375,-0.4765625,0.625,3.0625,-0.41796875,0.33984375,2.65625,-1.0,1.28125,4.65625,-1.6640625,1.3125,-1.734375,0.3984375,0.68359375,-1.0859375,-1.2734375,1.640625,-1.1875,-6.375,2.78125,-0.53125,0.83203125,-0.1103515625,1.75,0.9921875,0.9140625,-4.15625,-0.9921875,6.5,3.359375,-1.1328125,-0.7734375,0.109375,1.59375,1.859375,-1.53125,1.375,-1.5625,1.484375,-3.21875,-21.0,1.515625,9.0625,-0.23046875,1.3359375,-0.283203125,1.1875,-0.1171875,-2.859375,-0.7578125,-1.8125,-0.73046875,-0.04296875,2.625,2.59375,0.275390625,1.109375,3.84375,-0.93359375,1.7109375,-0.5703125,1.34375,-0.84375,1.859375,-1.078125,1.15625,-4.65625,-1.5,0.64453125,-0.7265625,-0.34375,0.7109375,0.0625,-0.5546875,-4.3125,0.00390625,-1.078125,3.875,-3.703125,0.62109375,1.9609375,-1.8359375,-2.75,-2.890625,-1.7734375,-4.9375,-0.3046875,6.375,3.296875,1.15625,-0.25,0.88671875,-0.859375,-1.65625,1.25,1.9296875,1.0078125,3.265625,0.189453125,3.015625,1.046875,-2.78125,-6.71875,0.578125,-0.27734375,2.1875,1.8515625,-8.0,-1.765625,1.1796875,1.1640625,-0.6484375,2.40625,-3.5,2.0625,-0.52734375,-0.12890625,0.134765625,-0.890625,1.546875,0.41015625,-4.9375,-0.361328125,2.59375,5.0,-0.3125,2.65625,5.40625,-1.0625,5.0625,3.0625,1.28125,-1.0625,-0.75,2.09375,1.4921875,-0.671875,-2.53125,1.8203125,-5.125,0.234375,-0.796875,-1.4375,0.8984375,-1.921875,-0.26171875,12.75,-1.21875,0.0234375,4.46875,-1.9765625,0.7109375,2.09375,1.4453125,0.3515625,4.90625,2.78125,-1.21875,1.046875,0.2470703125,-0.25,2.234375,3.96875,0.8515625,0.0,1.46875,-0.16015625,-3.125,1.2109375,2.0625,1.7109375,3.9375,-3.125,-3.546875,-1.9609375,-1.96875,0.028076171875,0.39453125,-1.125,0.142578125,-2.03125,-1.953125,-1.3359375,0.5859375,0.453125,2.03125,-25.125,3.28125,-1.7109375,1.359375,-0.63671875,4.625,0.6796875,1.6484375,-0.025390625,-6.09375,-3.046875,-1.0390625,1.46875,4.46875,-2.46875,1.671875,-3.328125,0.171875,3.53125,0.609375,0.24609375,-1.1875,-0.23828125,-2.90625,-2.765625,-1.6875,-1.140625,-0.001953125,0.1630859375,3.484375,1.015625,-1.375,-0.494140625,1.46875,0.26953125,0.68359375,10.375,-0.7578125,2.84375,0.0234375,-0.0625,-1.9296875,-3.59375,-1.296875,1.28125,2.921875,1.625,-1.6875,-4.28125,0.51171875,-0.875,1.1015625,-1.0859375,-2.4375,-3.265625,1.828125,2.390625,2.734375,1.046875,1.109375,0.59375,-0.1455078125,-2.5,0.35546875,-1.109375,-0.640625,-1.0078125,0.2890625,2.59375,1.0859375,-0.169921875,2.765625,4.65625,1.0625,0.126953125,1.1015625,-0.6953125,-1.078125,-0.4140625,2.890625,-1.5234375,1.828125,-1.125,2.6875,-0.48828125,0.07421875,-1.46875,-1.046875,-1.5078125,2.28125,0.640625,1.6875,1.8125,1.34375,-2.4375,0.498046875,0.8984375,-1.96875,-0.87890625,-0.26953125,0.78515625,-0.51171875,-2.96875,-1.171875,-1.2734375,4.46875,0.43359375,0.50390625,1.5703125,0.6640625,0.328125,-1.28125,3.015625,-1.171875,1.390625,-5.03125,0.67578125,-2.625,-1.203125,-0.0546875,1.21875,-2.765625,2.84375,0.69140625,2.296875,-0.1171875,1.125,-0.03125,-0.15625,1.28125,2.03125,-2.6875,-2.234375,0.248046875,-2.59375,0.255859375,0.890625,2.53125,2.9375,1.1015625,2.25,-0.1484375,0.212890625,4.125,-1.390625,-0.64453125,1.90625,3.03125,-6.90625,-1.046875,-4.65625,-3.578125,-2.875,1.484375,-1.0859375,0.96484375,2.0625,0.0390625,0.228515625,-3.296875,1.90625,6.0625,3.140625,-0.8359375,-0.14453125,0.07421875,-4.125,1.6875,0.96875,-0.06640625,-5.46875,-0.90234375,0.91796875,-3.75,2.40625,-3.03125,2.46875,3.59375,-2.78125,-0.24609375,2.90625,-0.0625,0.97265625,-46.0,-0.9453125,1.8125,-1.1015625,-2.875,-2.1875,-1.8671875,5.25,6.5625,2.0625,0.87109375,-9.1875,1.1875,0.80859375,-2.0625,-2.21875,-2.5,-0.7734375,-0.66015625,2.75,1.1328125,2.28125,1.6796875,0.1640625,-0.60546875,-3.546875,-1.625,-0.9921875,9.0625,-4.1875,2.96875,3.21875,0.0234375,12.375,-0.5546875,0.109375,0.69921875,0.44140625,-0.5703125,0.375,-5.8125,-1.4765625,0.546875,1.625,-5.5,0.71875,0.8671875,2.296875,-0.9765625,2.78125,1.21875,2.859375,0.98046875,1.15625,-1.4765625,1.8828125,0.2109375,-1.7734375,-2.21875,0.515625,0.8984375,-0.1171875,-1.1171875,-0.84375,-2.5,1.1875,0.88671875,1.140625,2.4375,-0.92578125,-1.5703125,1.59375,2.984375,-2.078125,-1.4765625,2.921875,2.34375,1.90625,2.46875,0.58984375,2.96875,-0.9921875,1.953125,-0.5390625,-0.80078125,-1.5,-0.9609375,2.0,3.390625,-0.9140625,1.46875,-3.21875,-0.8359375,3.40625,0.38671875,-1.3515625,-1.421875,0.75390625,-2.8125,0.9375,-3.75,0.109375,-0.470703125,-0.89453125,2.078125,-1.9765625,-0.8828125,-2.28125,0.8359375,-1.828125,4.78125,1.921875,2.1875,1.1796875,-0.6328125,3.71875,0.2353515625,-1.40625,-1.4375,0.09375,-0.453125,-0.99609375,-3.078125,3.625,4.9375,-4.5,0.6953125,-2.375,0.0537109375,-0.3125,-1.2578125,-0.7734375,2.515625,6.4375,-2.90625,0.99609375,1.359375,7.03125,2.359375,1.578125,0.546875,4.40625,8.375,-3.09375,0.8359375,-1.390625,3.40625,2.484375,3.359375,-1.578125,0.2734375,-2.65625,-2.703125,5.15625,-4.0625,-0.34375,2.59375,-0.8203125,3.0,1.515625,-2.8125,-3.5,-3.25,-1.4921875,0.81640625,-0.2578125,-1.7109375,1.71875,-0.54296875,1.3046875,2.765625,2.28125,-1.234375,1.3125,-0.45703125,0.4140625,1.234375,-4.0625,0.3125,2.53125,0.6015625,-1.953125,-0.28515625,-1.46875,1.875,-0.38671875,0.5,4.1875,-0.5703125,1.4296875,-1.59375,3.84375,1.03125,-2.0,-1.9296875,1.640625,-0.8359375,-0.26953125,-0.78125,0.345703125,-4.96875,0.390625,-0.54296875,0.953125,-1.5390625,-1.1953125,0.12890625,-1.125,9.9375,1.890625,2.703125,0.12109375,2.484375,-3.4375,0.7265625,0.13671875,-1.0625,-0.609375,0.05078125,-1.0546875,-0.40625,1.6875,0.62890625,-0.6015625,0.1318359375,0.390625,2.921875,-2.296875,-1.578125,7.625,-0.7421875,-0.1875,7.71875,1.234375,12.1875,-0.1015625,-1.625,1.953125,1.3125,4.59375,0.451171875,-2.0625,2.1875,-0.21484375,-1.4375,-22.375,-0.51953125,4.6875,-1.5625,2.28125,-1.78125,0.02734375,-0.6875,1.90625,-1.03125,-2.28125,-0.734375,-4.1875,-0.53125,-1.2890625,0.2265625,0.5,-1.828125,-1.84375,0.640625,3.546875,-1.7421875,-0.96484375,-0.47265625,-1.234375,2.8125,-2.28125,-1.8125,-3.265625,1.6640625,-0.78125,0.1015625,0.25390625,2.859375,-0.625,1.4375,-0.671875,25.75,-0.578125,0.23828125,-2.25,1.2109375,-0.0400390625,-4.4375,-0.19140625,-0.208984375,7.6875,1.5546875,-10.9375,0.0859375,1.6171875,0.703125,-0.17578125,-0.41015625,-0.58984375,1.421875,8.0,0.91015625,1.4765625,0.76953125,-2.109375,1.53125,1.125,-0.4921875,-1.5625,-3.6875,0.37890625,0.55859375,0.796875,-0.1875,-2.28125,-0.265625,2.75,-1.4375,3.4375,1.5390625,0.55078125,1.171875,4.75,-1.15625,-2.9375,-1.1484375,-1.0078125,0.09375,-0.3984375,-1.8359375,-1.2578125,-0.58203125,-2.421875,-1.1171875,-3.484375,-0.65625,2.40625,-1.3125,-1.25,-1.9140625,0.828125,-0.3046875,-1.03125,3.765625,0.953125,5.6875,-0.296875,0.625,6.3125,-0.01953125,-0.078125,3.078125,0.64453125,-0.42578125,-0.447265625,-2.0625,4.21875,0.93359375,-0.197265625,0.15625,-0.48046875,-1.6171875,1.15625,0.396484375,1.140625,0.19921875,1.25,-0.8984375,3.25,3.59375,0.5625,0.8984375,-0.7890625,0.0625,-0.21484375,-7.75,2.9375,-1.359375,-1.625,0.380859375,1.84375,-0.3984375,2.0625,-3.0,1.3125,1.3359375,-1.921875,1.2578125,1.890625,-0.98828125,1.2109375,0.1484375,-3.296875,1.75,-3.46875,-3.0625,0.78125,5.78125,1.890625,-2.234375,-1.828125,-0.8515625,-0.2265625,-0.70703125,1.0078125,0.90625,-0.40234375,-4.5,1.171875,-0.390625,2.25,-0.51171875,0.67578125,-0.4296875,-4.28125,-5.5,1.484375,-1.09375,-6.34375,0.828125,0.0546875,0.47265625,-0.22265625,-1.96875,3.90625,0.8984375,0.400390625,-2.40625,13.5,1.78125,1.6640625,2.84375,2.140625,1.984375,2.46875,0.03125,9.1875,0.18359375,2.8125,-1.15625,-1.0625,0.390625,-0.306640625,0.0888671875,1.2734375,1.046875,1.7421875,1.0859375,0.5234375,0.3515625,-1.09375,0.890625,4.5625,-0.828125,0.43359375,-2.25,0.0390625,-7.6875,0.8515625,-0.1220703125,2.21875,-2.984375,2.4375,-0.02392578125,-1.78125,-1.796875,-1.140625,11.25,1.34375,-1.1328125,-4.78125,3.125,2.15625,0.0078125,4.71875,0.64453125,0.94140625,-2.75,0.13671875,-1.5625,1.53125,0.21484375,0.625,0.609375,0.8359375,-0.47265625,-0.6171875,-1.5625,0.19140625,2.390625,-0.33984375,1.90625,-1.3515625,-4.5,2.234375,2.40625,1.59375,0.0234375,1.8046875,1.1328125,-1.359375,0.5859375,0.796875,-2.25,-1.46875,-2.0625,-0.46484375,-2.84375,1.484375,2.546875,-0.734375,1.9296875,-1.25,1.375,-0.80078125,-10.0625,-2.40625,0.5,-1.703125,0.5703125,0.359375,8.9375,-0.82421875,0.65625,-0.73828125,-0.09375,-0.98046875,6.0,1.2265625,0.21484375,1.390625,-2.96875,1.03125,1.453125,0.83203125,-1.21875,-1.6328125,1.0234375,-1.0859375,1.6640625,3.0,0.0625,0.80859375,0.625,-0.0078125,3.265625,1.5390625,2.34375,2.78125,-0.859375,0.91796875,-0.19140625,-2.078125,0.296875,4.8125,1.8515625,0.99609375,3.34375,-3.546875,2.21875,3.71875,-13.625,-0.265625,-0.91796875,1.015625,2.484375,2.953125,-0.265625,-2.71875,-0.44921875,0.58203125,-3.0,1.5625,-1.703125,-1.65625,-2.09375,-5.75,2.859375,-1.546875,0.9296875,-0.8671875,-1.3203125,-2.9375,0.6484375,-1.34375,0.96875,1.2890625,-1.0,-1.2109375,-2.140625,-3.40625,1.765625,0.72265625,3.671875,0.8203125,2.71875,-0.74609375,0.095703125,0.1015625,-3.328125,0.625,-6.96875,-3.421875,-7.5,-0.009765625,0.70703125,-2.3125,-1.5859375,-14.625,1.7109375,6.53125,-4.21875,2.140625,6.03125,0.84375,-3.03125,-0.8125,1.984375,-5.4375,-0.1279296875,-3.734375,-0.578125,11.125,1.328125,-0.015625,-0.16796875,1.3046875,-0.515625,-1.875,0.6796875,2.65625,5.15625,1.1015625,-0.3515625,-0.02197265625,-2.328125,2.0625,0.90234375,-1.6015625,3.625,3.5625,-2.96875,-1.34375,2.609375,-2.21875,1.953125,-3.375,-0.7890625,1.9609375,0.45703125,0.5703125,-0.046875,-1.6171875,0.49609375,-0.240234375,0.83203125,1.5,-1.234375,-1.1328125,0.47265625,-1.3203125,-0.1796875,0.296875,0.1015625,-4.09375,-83.0,2.78125,-1.578125,1.1328125,0.21484375,-1.65625,-0.0380859375,0.66015625,0.384765625,-3.890625,0.56640625,-0.359375,-0.61328125,1.4375,0.392578125,2.703125,4.9375,-1.40625,-0.6484375,0.03125,1.9609375,-2.34375,0.3046875,-0.6328125,-0.671875,-1.03125,1.71875,2.328125,-1.8359375,1.6171875,-1.5078125,1.71875,-1.015625,1.9375,3.390625,1.7421875,10.3125,1.359375,2.71875,-1.171875,1.359375,1.578125,-1.078125,0.625,-3.5625,1.3984375,-1.0234375,-2.671875,0.330078125,4.78125,1.46875,-1.75,1.265625,1.359375,-3.609375,0.265625,0.8125,3.1875,6.59375,0.3125,-0.2265625,0.82421875,2.4375,2.59375,1.390625,-1.25,1.140625,-1.2578125,3.84375,-1.4140625,1.796875,1.46875,1.5625,-1.0546875,-1.75,-1.03125,0.64453125,-0.0068359375,0.376953125,0.09765625,-0.1640625,-6.21875,0.1416015625,-1.1953125,1.3203125,1.21875,-1.703125,1.7890625,-1.359375,-1.4140625,2.828125,-4.90625,1.8828125,0.359375,6.0625,0.02734375,2.0625,-2.9375,-1.4609375,0.0703125,2.25,2.40625,-3.796875,-0.546875,0.046875,3.6875,1.1953125,0.4296875,1.234375,2.34375,-1.8125,4.65625,-0.8671875,0.107421875,-2.171875,3.40625,0.6484375,3.0625,-0.474609375,-1.140625,0.3828125,0.7890625,0.369140625,-1.6953125,0.12109375,-4.375,-0.71875,1.734375,0.0390625,0.431640625,-0.28125,-3.328125,-0.7421875,-0.9296875,0.294921875,1.28125,-0.61328125,-9.1875,2.21875,13.5625,-0.578125,-0.1171875,-0.6328125,0.35546875,0.7578125,1.046875,-1.65625,-0.640625,1.984375,-3.625,-1.7734375,-1.671875,-0.5234375,0.0625,3.109375,-0.4296875,0.7109375,-0.3046875,-1.328125,2.234375,1.0703125,1.1328125,7.71875,1.7734375,-2.234375,-0.828125,12.0625,7.40625,-0.4375,0.87109375,-0.671875,-2.15625,-1.234375,-5.125,-1.546875,-0.3359375,0.546875,0.953125,-1.625,1.7421875,2.296875,-1.0859375,0.84375,-0.6328125,-1.609375,4.9375,0.265625,-1.125,-0.3984375,0.0390625,0.0703125,-0.302734375,-7.5625,1.234375,3.625,-1.2734375,0.765625,-3.203125,-0.5703125,3.140625,0.62890625,-2.5,0.53125,-0.33984375,-0.390625,-1.578125,-0.322265625,3.125,8.5,1.5703125,-2.421875,0.265625,-0.5390625,1.8515625,-0.38671875,0.5390625,2.75,-2.4375,-0.8828125,-1.265625,3.46875,2.015625,1.828125,2.03125,2.609375,0.9921875,-0.94921875,-0.138671875,0.71875,-0.1875,-1.7578125,-3.359375,1.1484375,-0.32421875,-1.515625,4.375,10.0,1.109375,-2.1875,-2.046875,-2.640625,1.2265625,0.09765625,-2.125,2.234375,0.578125,-2.203125,-0.57421875,-9.9375,-2.5625,-0.4609375,3.40625,-2.671875,-1.109375,1.40625,-0.546875,0.9609375,0.103515625,0.5390625,1.234375,-5.375,1.8828125,1.2890625,0.30859375,-0.142578125,-0.703125,-0.14453125,2.1875,0.6953125,2.734375,5.5,-7.3125,-0.84375,-2.421875,-1.6796875,-0.20703125,-1.8203125,2.515625,-0.35546875,-1.6171875,-1.265625,-0.046875,-3.25,-0.80078125,-1.9375,-0.314453125,-0.15234375,0.3984375,-2.953125,-14.3125,1.2109375,1.828125,0.828125,1.734375,-29.0,1.046875,0.80859375,2.921875,0.19921875,1.234375,-0.0078125,0.43359375,0.44140625,0.0859375,-1.9921875,-0.078125,0.26171875,0.9140625,0.7421875,-0.74609375,-0.671875,-2.65625,1.25,-0.421875,-0.7734375,-0.365234375,-0.02587890625,0.93359375,2.484375,1.6171875,3.0,-2.5,1.5,1.703125,1.375,2.421875,-2.453125,1.4140625,-1.234375,-0.0439453125,-1.8125,1.8984375,1.125,-0.65625,0.8828125,-1.4140625,0.30859375,-1.234375,1.3984375,-1.1171875,-0.43359375,1.015625,1.0,-0.205078125,-0.09765625,2.09375,1.453125,-1.5625,-2.796875,-0.6171875,1.859375,1.234375,-1.84375,-0.7421875,1.53125,5.90625,-0.4921875,1.890625,-4.5625,-2.234375,-1.6484375,0.029296875,-4.53125,-1.34375,1.140625,-0.890625,-0.60546875,3.9375,-0.369140625,-0.671875,0.7421875,-1.0546875,-0.8671875,-3.09375,-1.21875,2.15625,1.140625,0.2734375,-1.390625,7.78125,-1.15625,2.1875,2.609375,2.78125,0.03125,1.5859375,0.8515625,1.4921875,0.5,4.25,1.5078125,0.67578125,1.421875,1.921875,-0.48046875,5.40625,-0.58203125,-2.640625,-9.5,1.359375,0.55859375,-3.234375,-3.1875,-0.365234375,-2.15625,-1.3359375,-1.2578125,-9.375,2.46875,0.0859375,1.625,17.5,-3.5,-0.35546875,0.75,1.296875,-3.203125,1.953125,6.71875,1.0546875,2.828125,-0.4140625,4.5,1.9375,-1.953125,-2.6875,0.796875,0.078125,-0.3125,-2.296875,-0.03125,2.28125,1.734375,0.0625,-0.015625,1.1640625,-4.21875,1.046875,-15.125,-1.1484375,3.578125,0.171875,1.375,-0.0947265625,4.09375,-0.59375,0.236328125,2.828125,-0.396484375,1.6796875,0.51953125,-1.1875,2.953125,2.234375,0.5390625,0.953125,-1.421875,-1.3203125,4.875,21.75,-0.490234375,-0.26953125,1.375,0.9140625,-0.1015625,-1.2890625,0.51171875,-0.35546875,0.625,2.109375,-2.671875,-0.453125,0.09375,-2.09375,-0.302734375,1.703125,-0.69921875,-1.5703125,-4.125,0.8671875,-1.921875,6.6875,2.96875,-0.1796875,-0.73828125,-0.2890625,3.40625,1.4375,-1.15625,2.203125,3.546875,-1.0078125,-1.28125,3.0625,1.4453125,0.19921875,-2.5,-3.40625,-3.9375,-26.5,0.09375,-0.5546875,-0.9140625,-0.341796875,0.23828125,-0.18359375,1.515625,-1.1328125,0.5625,-4.59375,0.921875,0.37109375,-2.3125,-0.234375,0.2109375,0.6015625,1.328125,0.8125,0.1015625,-1.203125,0.51171875,0.078125,2.90625,2.25,-2.28125,-0.24609375,-2.359375,1.3828125,-1.1328125,-3.546875,-0.7734375,0.244140625,-0.953125,-7.21875,-3.265625,-0.7109375,1.828125,0.15625,0.06640625,-1.7421875,1.640625,-3.578125,5.34375,-3.75,4.59375,1.9375,-0.60546875,-2.5,-5.15625,-1.09375,4.4375,-1.1171875,-0.1875,3.0625,-0.4453125,1.8125,-2.671875,0.8125,-1.09375,13.0625,3.4375,-0.0625,-1.0,-0.171875,1.6015625,0.86328125,-1.8125,1.4375,-1.125,1.25,5.25,-0.015625,-0.40625,-0.2578125,4.71875,-0.84765625,0.46484375,-1.859375,0.65625,1.1796875,-2.203125,-0.37890625,1.734375,1.109375,0.66015625,1.0703125,-4.8125,-0.7421875,1.703125,-4.375,-1.0625,-2.8125,1.2890625,1.6484375,0.7890625,-1.390625,1.53125,-0.4453125,-0.58203125,-1.3359375,-1.859375,2.296875,1.015625,0.08984375,-2.3125,1.65625,-4.90625,2.375,1.796875,0.27734375,4.53125,-1.21875,-0.9765625,0.65625,-6.4375,1.28125,-1.296875,-4.375,2.234375,3.25,11.9375,-1.921875,-1.5234375,-1.1484375,1.2578125,1.2421875,-4.84375,0.1015625,-7.875,0.578125,-0.34375,0.953125,2.359375,-0.3203125,0.76171875,3.625,-0.328125,0.26953125,6.21875,-1.8359375,0.11328125,-1.8203125,0.81640625,2.453125,2.8125,-3.5625,0.015625,2.578125,0.46484375,0.7734375,-6.0,0.5,-4.8125,-0.66015625,2.96875,0.8046875,0.193359375,6.0625,-0.1796875,0.125,-0.9609375,-1.203125,-4.6875,5.96875,-1.1015625,-0.828125,-2.984375,1.3828125,1.09375,1.3515625,1.4765625,-3.0,-0.703125,1.8125,-1.78125,1.296875,-0.09375,-0.07421875,-0.6953125,4.46875,4.46875,-0.83203125,2.75,2.0,-2.03125,4.375,0.0185546875,-1.796875,-1.4765625,-0.171875,-5.28125,0.9296875,-1.359375,1.25,1.875,0.193359375,-1.265625,4.0625,1.1328125,-1.6640625,-0.71875,-0.921875,7.1875,0.8828125,-0.2109375,8.375,-3.3125,-0.234375,-2.03125,-0.0234375,2.796875,-5.8125,-0.8828125,-0.033203125,0.94921875,-4.8125,-0.80859375,0.671875,0.5859375,-1.859375,1.484375,-1.453125,1.53125,-1.0703125,23.0,1.828125,-1.140625,-0.41015625,0.75,-1.328125,-0.19140625,-2.6875,-2.640625,-0.19140625,-1.6953125,-3.875,0.40234375,0.05078125,1.9921875,1.65625,1.640625,0.98828125,-2.296875,0.2734375,-1.8828125,10.1875,-1.828125,0.91796875,-5.0,-1.6953125,-1.453125,0.7109375,0.921875,-0.37109375,-0.130859375,0.427734375,15.125,1.9765625,-4.09375,0.77734375,-2.234375,-1.28125,-0.0546875,-1.3046875,0.625,-1.234375,-1.25,-1.140625,-2.375,1.15625,-0.984375,-0.49609375,0.625,0.87109375,1.71875,-2.25,-2.96875,-2.53125,1.203125,-2.640625,2.546875,0.076171875,1.5546875,1.5859375,2.734375,-2.328125,1.453125,-2.046875,3.1875,1.609375,2.296875,-1.28125,4.8125,9.9375,-3.78125,-1.1796875,2.65625,0.10546875,0.15625,2.5,1.625,1.1328125,14.375,0.28515625,1.2265625,-4.25,1.75,1.046875,-0.6015625,3.1875,2.03125,0.7890625,-2.40625,-0.828125,0.109375,0.203125,0.671875,-2.09375,2.765625,-0.10546875,3.5,0.443359375,-0.3515625,0.06640625,-2.375,1.3203125,-3.15625,3.65625,-0.3984375,-2.125,0.8203125,-3.53125,2.921875,0.91015625,2.453125,0.35546875,-0.609375,-6.25,-3.625,-0.1640625,-0.5390625,-2.40625,-2.4375,0.53125,-2.21875,1.6875,-1.6796875,0.89453125,0.90625,4.1875,-0.1826171875,3.0625,-0.490234375,-1.375,-0.3515625,-1.7890625,-0.091796875,0.57421875,0.47265625,0.3203125,-1.453125,-2.90625,7.96875,12.0625,-2.15625,-0.41015625,0.7890625,0.328125,-0.2578125,-0.396484375,-1.75,0.232421875,0.328125,0.734375,-0.33984375,1.5625,-2.40625,1.2578125,-3.421875,0.359375,0.4140625,-0.0419921875,0.033203125,-0.91015625,10.0625,-1.03125,0.7265625,0.5234375,4.5625,-0.1640625,2.546875,5.21875,0.439453125,-0.1875,-4.875,-1.1484375,0.142578125,0.6796875,1.859375,-2.8125,2.3125,8.25,-0.65625,3.375,-0.5625,-0.27734375,0.51953125,0.73046875,-0.0703125,-0.2734375,1.171875,-0.82421875,0.84375,-1.2109375,-1.40625,-0.2890625,2.203125,2.078125,-1.1484375,-2.65625,1.9453125,-5.75,-1.6640625,-0.546875,0.3203125,-1.21875,-28.75,-0.140625,1.2890625,1.40625,-1.640625,0.337890625,1.34375,-1.109375,1.875,4.4375,1.265625,0.36328125,0.640625,-0.62109375,6.3125,-0.96484375,-0.80078125,1.2265625,1.0625,0.59765625,0.37109375,0.5625,1.40625,-1.1015625,2.75,0.296875,-0.75390625,2.640625,3.4375,-0.24609375,0.9453125,-0.3984375,1.03125,-3.296875,1.796875,3.28125,1.2578125,2.34375,-0.3203125,-0.79296875,-1.671875,5.0,-1.09375,4.71875,0.84375,-0.734375,-3.03125,0.3203125,-1.8515625,-0.6484375,-2.140625,4.75,-1.3203125,-1.0234375,2.296875,-1.4921875,0.130859375,0.875,-0.5625,-3.59375,-3.1875,-1.4765625,0.74609375,0.1318359375,1.1328125,1.1796875,-1.109375,0.498046875,2.125,-0.142578125,-2.5625,0.484375,0.609375,1.0625,1.8359375,0.0390625,0.384765625,2.328125,0.9609375,-1.1171875,-7.3125,2.53125,2.390625,2.109375,-0.80859375,-2.0,-2.609375,-0.6171875,0.9140625,-2.5,-1.578125,-0.38671875,1.6875,-4.125,0.359375,3.0625,-2.03125,1.0625,2.046875,1.78125,1.3828125,-0.7890625,-0.4765625,0.65625,6.09375,-0.14453125,2.421875,-1.390625,0.34375,-0.103515625,-0.275390625,2.703125,-1.765625,2.265625,1.28125,-0.6171875,0.05859375,-1.078125,-0.984375,-3.5,1.9375,12.1875,-2.46875,1.3828125,-6.34375,1.84375,-0.10546875,1.171875,-1.15625,0.8828125,1.2421875,-1.1875,6.40625,-1.6171875,0.265625,-1.421875,2.546875,0.91015625,-1.78125,-0.37109375,-0.9921875,-0.158203125,0.5078125,0.25,-3.28125,-1.921875,-2.546875,6.3125,-1.3359375,-1.421875,2.90625,4.1875,-0.07421875,-1.28125,1.6015625,0.51953125,0.9921875,-1.9453125,-1.90625,-0.185546875,1.328125,-0.21875,-14.375,10.25,-0.57421875,-0.69921875,-2.859375,1.7421875,-0.0390625,1.640625,-8.375,-0.3671875,0.734375,-0.72265625,0.375,-0.796875,1.390625,-0.93359375,-0.95703125,1.7421875,4.875,-0.7578125,5.0625,4.5625,1.4296875,-2.09375,-0.0390625,1.65625,-1.2734375,0.171875,0.0078125,-2.421875,1.40625,-0.51953125,-0.36328125,0.75,-0.46484375,0.8359375,7.40625,0.2734375,1.734375,-1.7109375,-2.03125,-2.5,1.2265625,-0.9921875,1.625,1.6875,1.8828125,1.359375,-0.546875,2.953125,-3.53125,3.125,1.1328125,0.4921875,-4.875,13.5,2.9375,0.1708984375,2.0,3.359375,-0.546875,0.0712890625,2.375,-1.1015625,-1.8515625,2.578125,-1.0625,-1.6875,1.1796875,-5.09375,0.59375,-1.2265625,2.734375,-2.75,-0.015625,0.921875,0.73046875,-1.015625,-1.3828125,-1.765625,-5.71875,0.11328125,0.8671875,0.34765625,-0.1708984375,0.8515625,0.82421875,0.0625,0.765625,1.15625,0.58984375,0.82421875,2.328125,-0.10546875,2.265625,3.640625,-0.828125,1.359375,2.3125,-5.65625,0.4921875,1.140625,-0.84375,0.392578125,-2.921875,-2.140625,-3.1875,-0.828125,-0.65234375,1.1328125,1.5546875,1.6640625,2.078125,-0.9609375,-2.4375,-1.59375,-0.390625,-3.09375,3.5,0.0546875,-2.09375,-0.69140625,-0.4453125,-0.74609375,0.484375,2.171875,2.375,11.5,0.0234375,-3.0625,-3.65625,-0.6484375,2.84375,-0.76171875,0.23046875,-0.47265625,1.640625,0.1953125,-0.15234375,2.21875,1.3359375,8.25,1.875,0.734375,0.27734375,-2.984375,1.1875,3.4375,1.375,-1.484375,-1.484375,1.7265625,1.234375,-1.5234375,-6.125,-0.2890625,-4.0625,-2.53125,0.09375,-0.7734375,-1.671875,1.96875,-0.515625,0.48046875,0.421875,0.6875,0.92578125,-0.7890625,1.4921875,-0.1953125,3.015625,0.34765625,-0.4140625,-3.53125,-1.5234375,-3.8125,0.052734375,-1.375,-0.734375,-0.2421875,2.1875,-0.37109375,1.140625,1.640625,1.578125,1.578125,2.90625,-0.46484375,-0.0546875,2.046875,1.109375,-11.25,3.375,-2.40625,-0.78125,-2.59375,0.69140625,6.53125,-0.1748046875,1.15625,-1.71875,3.09375,1.078125,-5.84375,-1.296875,9.625,4.15625,-2.125,3.3125,-1.71875,-0.8515625,-4.21875,-2.578125,0.09765625,2.5625,-2.828125,3.53125,3.984375,2.25,-2.28125,3.59375,-3.296875,-2.40625,-6.15625,-0.2373046875,-10.125,-1.015625,-0.95703125,1.7578125,0.2578125,-0.5625,1.625,-0.37109375,-1.0625,-1.078125,-0.07421875,1.0390625,1.4921875,3.390625,0.23828125,0.8671875,7.125,-3.375,-1.296875,1.0625,-3.515625,1.296875,-2.90625,3.4375,1.765625,-0.625,-0.392578125,-2.5625,-3.234375,-39.0,-16.75,3.375,0.41796875,1.234375,-0.7265625,-0.0224609375,-0.48046875,-1.0625,-2.203125,-3.4375,-0.30859375,-0.119140625,-1.015625,3.53125,0.57421875,3.765625,4.0,0.9453125,0.412109375,-2.875,-1.4921875,-0.73046875,2.65625,0.1171875,1.3046875,-1.2265625,4.3125,-2.5,-0.052734375,1.1953125,3.59375,4.6875,-0.7734375,-0.1171875,0.359375,-2.0625,0.6484375,-0.81640625,6.4375,-0.65625,1.390625,0.796875,1.5625,-2.0625,-0.28515625,-1.65625,-1.65625,0.1875,-2.21875,1.46875,-1.328125,-0.9296875,0.75390625,-0.6640625,0.05078125,0.1103515625,0.69921875,0.578125,5.375,9.1875,-1.1796875,-2.078125,-0.388671875,1.390625,4.6875,-1.2265625,-1.875,0.5703125,1.09375,4.09375,0.83203125,0.48046875,-1.96875,1.0859375,0.859375,1.640625,0.859375,1.6171875,-2.046875,-0.1748046875,23.25,0.13671875,-0.9765625,-0.5546875,-0.796875,-1.703125,-0.0546875,-1.3359375,-0.75,-0.0703125,0.21875,0.14453125,0.5234375,0.1845703125,-2.09375,-0.0625,1.5859375,-3.28125,-7.625,-1.5390625,0.23046875,-1.9765625,-0.56640625,-0.4296875,-0.359375,-2.34375,-1.6875,1.5234375,2.109375,-0.9921875,-3.78125,-0.041015625,-1.421875,1.71875,-1.5078125,-0.57421875,2.890625,0.033203125,-1.875,-1.359375,0.58984375,0.5078125,1.90625,4.96875,-6.09375,0.0703125,-3.640625,-0.36328125,4.9375,1.671875,3.09375,0.9140625,1.984375,-1.5,0.2255859375,0.859375,-2.1875,0.78125,-0.5625,-3.296875,2.0625,-0.2421875,5.5,1.5234375,1.78125,-0.0625,0.08984375,1.40625,-2.203125,-2.15625,-3.015625,0.7734375,-0.4375,1.3046875,2.171875,-0.7578125,-1.796875,0.8984375,-1.546875,-1.265625,16.125,2.125,0.8515625,-2.21875,0.21875,-2.71875,-4.0,6.8125,0.380859375,-1.046875,1.40625,-1.046875,-4.84375,-8.875,0.78125,0.458984375,-2.3125,0.8984375,-4.5625,-0.2109375,-0.28515625,-0.38671875,-2.015625,-3.71875,0.75390625,5.375,-2.671875,-3.5625,1.9375,-0.2578125,1.078125,-0.4453125,0.9375,-2.390625,-0.3359375,1.4453125,-3.015625,0.2265625,-1.015625,0.095703125,0.61328125,-2.375,5.15625,0.4296875,0.59375,-3.8125,-1.765625,0.1953125,-0.37890625,0.8515625,7.875,16.25,1.609375,1.625,0.765625,-3.84375,-0.1513671875,-1.6328125,2.078125,4.125,2.4375,2.40625,4.53125,3.703125,-1.375,-0.10009765625,0.32421875,-2.234375,3.78125,-7.6875,1.84375,-0.765625,-2.25,0.91015625,-1.671875,1.421875,-0.083984375,-0.625,71.0,1.2109375,2.421875,-1.1484375,0.703125,0.33984375,3.34375,-2.046875,-4.40625,2.71875,-0.8046875,0.84375,0.4296875,0.078125,0.8671875,-2.25,-2.0,3.046875,-0.3125,-4.0625,2.09375,2.9375,0.84375,-0.4140625,2.71875,-0.85546875,-0.126953125,2.375,-3.453125,-5.28125,-0.3359375,1.1875,2.15625,3.234375,-0.54296875,0.1015625,2.3125,2.53125,-0.75,1.2265625,0.0927734375,-1.3671875,-0.74609375,-0.9375,-2.140625,0.15234375,-1.421875,0.23828125,0.6015625,-2.71875,-1.3046875,-2.65625,3.421875,-1.765625,0.421875,5.125,-0.984375,2.5625,1.3828125,-5.03125,-0.1953125,-3.828125,1.25,-1.3046875,-2.15625,1.71875,-1.0859375,-2.125,-3.96875,8.0,-1.2578125,0.111328125,0.7734375,-2.171875,1.8125,1.0859375,-2.125,-0.75390625,-0.76171875,-0.83984375,2.84375,-2.25,-2.21875,2.46875,-2.640625,1.4765625,3.09375,-0.70703125,-0.2275390625,-2.03125,3.140625,0.91796875,-0.41015625,-1.09375,1.3828125,0.232421875,-3.5625,-2.40625,10.625,1.984375,-29.0,0.5078125,1.09375,7.3125,1.390625,1.234375,0.078125,-2.03125,1.1875,0.04296875,6.625,0.93359375,-1.421875,0.326171875,0.224609375,-3.21875,0.169921875,0.1015625,1.5,-0.6328125,0.83984375,0.5546875,-5.5,2.59375,-2.03125,0.0,-2.828125,-17.375,1.71875,-1.84375,0.41015625,2.1875,-0.23046875,7.5,3.015625,-4.0625,1.6875,-0.8828125,-0.345703125,-2.046875,-1.34375,-1.28125,2.03125,-0.70703125,-5.0625,1.2890625,-0.703125,-1.15625,-0.1298828125,2.765625,0.953125,-3.296875,-1.3515625,-0.9765625,3.234375,0.23046875,-6.125,-5.875,-2.09375,-3.46875,-6.9375,0.291015625,-2.34375,-0.9453125,-1.0078125,-0.078125,-1.3671875,1.40625,0.7578125,0.095703125,-0.87109375,0.94140625,1.953125,1.203125,-3.0,-2.75,3.484375,0.09765625,0.431640625,-0.515625,-0.953125,0.453125,-1.90625,1.9296875,-4.125,0.1640625,1.8125,0.2421875,-8.25,0.08984375,0.9765625,-1.546875,-1.1171875,-2.21875,-0.625,1.8125,0.6875,-1.8203125,3.53125,0.05078125,-2.3125,-0.84375,-0.1845703125,0.44921875,-1.0703125,-7.40625,2.3125,-3.078125,0.9140625,-1.46875,-1.0078125,0.2265625,-0.171875,0.236328125,3.453125,-0.875,0.01953125,2.09375,0.765625,4.59375,-2.328125,0.953125,1.765625,1.1953125,0.6875,1.59375,-1.390625,1.53125,-1.21875,1.0390625,0.23828125,-1.125,1.25,-0.76171875,-0.11328125,-1.484375,2.3125,-0.0625,-0.390625,-1.0625,-2.71875,-1.0625,0.92578125,2.546875,1.890625,1.953125,-1.1796875,0.21875,1.25,-0.11572265625,10.8125,-3.03125,3.53125,2.03125,-2.59375,5.25,0.09375,-2.640625,-2.328125,1.65625,0.0390625,2.546875,-3.796875,-31.5,-1.2578125,-0.349609375,-0.55859375,-0.8359375,0.96875,-1.5390625,2.546875,0.7421875,1.109375,0.79296875,3.5625,-0.375,-0.171875,-0.5546875,2.140625,-2.015625,2.84375,-1.453125,2.0,4.375,-2.59375,2.515625,3.578125,3.5625,0.8515625,0.91796875,3.390625,0.3359375,-1.5390625,-0.79296875,2.921875,1.4765625,0.65625,-0.25390625,1.28125,0.921875,-1.4921875,-0.0703125,7.3125,-0.625,1.296875,-0.162109375,2.96875,-4.75,-1.9296875,0.51171875,0.93359375,0.58984375,-0.7734375,0.9375,-0.96484375,2.25,-0.6171875,-0.6484375,1.3046875,-2.484375,0.96875,-0.44921875,0.50390625,-0.9375,-0.046875,-0.4765625,-0.35546875,-2.46875,4.0625,-1.875,0.1484375,1.7734375,-0.12158203125,0.455078125,2.03125,-1.3515625,0.9453125,-1.09375,-1.25,-2.4375,-2.125,-3.625,-0.7578125,-0.1640625,1.734375,0.58984375,-5.34375,-2.359375,2.03125,2.96875,0.7109375,-1.09375,0.609375,-5.0,1.140625,-1.25,-3.75,-3.546875,1.046875,0.353515625,1.1640625,1.046875,1.015625,1.46875,-2.40625,1.9140625,0.875,-7.4375,-2.796875,-4.4375,0.9140625,1.71875,-5.34375,-0.0322265625,3.796875,5.8125,-0.69921875,1.3203125,-1.3359375,-4.0625,0.26171875,1.1875,1.890625,-5.8125,-7.21875,2.4375,0.765625,-0.91796875,-0.67578125,-0.26953125,-2.421875,0.09375,-0.28125,1.546875,-1.96875,0.8359375,1.390625,-1.34375,-2.15625,0.291015625,1.3203125,-0.228515625,-3.546875,5.375,-2.0625,0.0546875,-0.59375,-0.3984375,0.51171875,1.3671875,-1.296875,0.65625,-1.171875,2.28125,-9.6875,1.484375,8.625,-0.91015625,0.064453125,0.06640625,-0.71484375,0.82421875,-9.875,-0.271484375,-1.2578125,0.609375,-0.515625,-2.3125,1.328125,0.33984375,0.384765625,-0.8046875,0.76171875,-2.640625,0.203125,-0.5859375,-0.13671875,-2.3125,0.431640625,1.328125,-1.328125,-1.78125,-10.625,1.3515625,-3.15625
1,-1.71875,0.478515625,-1.859375,-2.0,-8.3125,-1.3515625,-2.453125,0.193359375,2.046875,-11.8125,1.46875,2.46875,-0.423828125,-0.890625,-1.8515625,1.71875,-2.25,-0.875,2.765625,-2.15625,-0.28515625,-3.3125,0.388671875,-1.3046875,-1.0390625,7.75,-1.1328125,4.4375,-2.03125,1.34375,-1.1953125,-1.671875,0.80859375,2.796875,-0.625,0.41015625,2.25,13.3125,5.21875,-13.75,-2.234375,-0.44140625,1.4375,-0.4140625,-2.28125,-1.8203125,0.01953125,-0.83203125,-0.1259765625,-3.515625,-1.2890625,-1.4609375,-0.00390625,-1.8046875,-1.0859375,-0.59375,0.046875,-1.609375,-2.125,-1.1953125,-3.78125,0.87109375,-0.078125,-0.78125,-0.6328125,1.1484375,2.0625,-7.125,-1.5625,-0.5703125,0.15234375,-11.4375,-0.875,-3.203125,1.890625,-2.734375,2.40625,-2.03125,1.921875,5.53125,0.5234375,0.162109375,1.796875,1.484375,0.58984375,1.640625,3.75,-6.28125,2.0,-0.51953125,2.46875,-1.875,-2.0,-7.625,-0.9765625,1.65625,-0.59375,3.3125,-2.53125,-0.9296875,-0.7890625,-0.42578125,-9.75,-0.03125,-7.75,-0.265625,9.625,0.8515625,0.94140625,4.9375,3.0,-0.02734375,1.8359375,1.578125,1.21875,5.3125,-2.59375,0.27734375,-3.71875,-0.5390625,0.6015625,-2.34375,2.53125,0.94140625,2.96875,-2.90625,0.162109375,1.515625,0.546875,8.8125,3.40625,-3.609375,-3.421875,-2.5,-0.875,1.6484375,6.59375,3.171875,2.609375,-2.921875,1.125,0.15625,3.515625,-2.53125,-0.6953125,-1.2421875,0.228515625,1.9453125,-0.296875,0.33203125,1.0234375,-2.421875,-0.68359375,3.03125,-0.40234375,-2.09375,-1.4296875,-1.921875,2.71875,-0.8359375,-7.46875,0.291015625,1.6640625,1.25,0.453125,-1.8984375,0.984375,-0.37109375,1.4296875,0.1328125,-1.921875,-1.171875,-0.93359375,-0.7421875,7.71875,0.81640625,1.15625,6.75,-0.142578125,1.3203125,-5.90625,-2.109375,1.390625,-0.39453125,1.5546875,0.72265625,2.046875,-0.5703125,0.41796875,-2.125,11.8125,2.546875,0.51953125,-3.53125,-1.9453125,2.125,-5.1875,-0.451171875,0.57421875,0.412109375,-5.15625,-1.5625,1.5703125,0.51171875,2.625,1.5,2.0625,1.2890625,-0.1328125,5.25,4.15625,-1.9609375,26.875,1.609375,1.265625,1.46875,-0.466796875,-4.375,-0.56640625,1.59375,0.9296875,1.9453125,-4.4375,0.22265625,-1.9375,-7.4375,3.90625,0.130859375,16.625,2.515625,-2.421875,0.6953125,1.875,5.90625,0.27734375,0.6875,-3.59375,0.58984375,0.7734375,0.12109375,-1.890625,-7.25,-1.40625,1.484375,-1.7265625,1.5,-4.0625,-0.859375,2.09375,9.875,-0.3828125,5.21875,-0.60546875,0.05859375,0.01171875,1.0859375,1.1171875,3.140625,5.65625,1.8359375,3.90625,1.859375,2.75,-1.234375,-2.65625,-2.890625,-0.0546875,-2.796875,2.84375,0.16015625,-1.9140625,1.3359375,9.125,0.63671875,1.4609375,3.71875,0.2578125,-0.25,0.55859375,0.90625,0.74609375,-3.015625,1.8203125,-14.1875,1.21875,6.0625,-0.59765625,-1.9375,0.337890625,-1.8671875,-1.2734375,0.90625,1.015625,-1.4375,0.8046875,4.40625,2.53125,2.234375,0.427734375,-3.3125,-3.390625,-0.79296875,0.5703125,-3.375,-5.375,-2.328125,-1.921875,-2.484375,0.3515625,2.890625,-1.8515625,-1.328125,-5.1875,-3.015625,4.8125,16.5,-6.4375,4.21875,0.9921875,0.1796875,-11.875,3.765625,0.84375,-1.7265625,0.1015625,0.28125,2.203125,-2.328125,-1.359375,-9.9375,0.171875,0.58203125,0.44921875,-0.84375,-1.40625,1.46875,0.2421875,3.9375,2.171875,1.2421875,2.015625,-1.453125,-0.11328125,0.32421875,0.84765625,1.140625,2.015625,0.134765625,1.53125,0.68359375,-5.375,-21.875,-3.9375,0.66015625,2.5,-2.125,2.546875,0.015625,-7.71875,-0.43359375,3.15625,2.84375,-0.052734375,-2.15625,2.34375,-0.8828125,3.46875,-2.734375,5.0625,13.0625,-1.4765625,-1.3671875,-0.1552734375,-0.9921875,-6.65625,0.44140625,0.5546875,3.609375,-1.4375,1.640625,-1.8359375,8.25,-2.203125,1.0703125,0.51953125,-3.21875,0.3984375,1.5234375,-20.75,2.125,3.828125,0.3359375,-0.8046875,0.4453125,1.0234375,-0.41796875,4.21875,0.55078125,-0.009765625,1.03125,0.98828125,-3.21875,-2.015625,6.03125,-1.3828125,0.71484375,0.46875,3.28125,-0.40625,-1.46875,-0.8046875,1.78125,-1.15625,-1.1796875,-3.0,12.75,-1.265625,-1.265625,1.0390625,1.734375,-2.9375,-0.0234375,-3.90625,0.98046875,-0.033203125,-6.28125,-2.0,1.5546875,2.75,0.828125,-0.5859375,-0.02734375,1.984375,-3.203125,3.84375,-1.671875,-1.6875,0.80859375,0.7890625,-2.96875,-2.390625,-0.796875,-6.78125,0.8359375,1.71875,0.84375,-1.578125,0.5078125,-0.03515625,-0.67578125,-1.671875,1.84375,-1.28125,1.109375,-0.92578125,-3.625,-2.84375,0.73046875,-2.046875,-5.40625,0.66015625,-0.330078125,-2.09375,3.484375,-2.40625,-4.5,0.43359375,-1.4375,-0.609375,-0.37109375,0.21875,-0.4296875,3.4375,1.3359375,2.15625,-5.03125,-1.625,4.0,0.392578125,-1.203125,1.78125,-0.890625,1.1875,0.80859375,1.96875,-1.203125,-3.46875,-1.5078125,-1.375,1.953125,-0.41015625,-1.6953125,0.76953125,1.8515625,2.28125,-0.765625,1.53125,-1.109375,-0.890625,0.046875,0.63671875,4.09375,1.375,4.625,-11.125,0.42578125,-0.9375,-1.5625,-2.234375,-1.4296875,-1.2109375,-5.28125,0.96484375,-1.515625,0.640625,2.109375,4.90625,-0.23828125,-0.3046875,-5.75,0.66796875,4.0625,-0.12890625,0.671875,-0.7578125,9.875,-1.015625,-0.828125,0.20703125,-4.8125,0.34375,-1.1875,-2.109375,-0.7734375,1.375,7.65625,1.4375,-0.064453125,0.228515625,-0.98828125,0.66015625,2.9375,-0.9296875,-1.046875,-6.03125,0.25390625,1.609375,4.03125,-0.03125,-1.46875,2.625,-7.15625,-0.53125,-0.60546875,-0.32421875,-1.203125,-1.5234375,-0.94921875,-1.03125,-0.375,1.53125,-0.9296875,1.09375,1.390625,2.625,0.7421875,1.21875,0.291015625,-3.09375,-0.2734375,1.6875,-1.015625,0.640625,2.640625,-0.703125,2.359375,9.6875,-0.123046875,6.0,0.98828125,0.09765625,0.28125,-0.91796875,-0.1435546875,9.25,2.046875,0.828125,-0.3671875,3.765625,-8.4375,0.84375,-11.5,-2.78125,-0.04296875,2.21875,-0.47265625,-1.609375,-1.109375,-1.515625,-2.625,-2.921875,8.25,1.421875,-5.5625,1.203125,-1.1640625,0.890625,-1.578125,-0.72265625,0.8828125,0.890625,1.640625,0.490234375,-0.19921875,3.25,2.34375,1.0546875,3.453125,2.0625,-1.0546875,13.9375,-2.46875,1.390625,-1.34375,-0.5,-1.5234375,-0.8203125,1.578125,-2.25,-1.1328125,3.28125,0.7578125,2.171875,-1.015625,2.4375,0.0,-7.9375,1.2421875,1.625,0.61328125,1.890625,-0.0712890625,-2.203125,1.984375,-0.625,0.7265625,-2.0625,0.1953125,-5.4375,1.765625,-0.30078125,0.828125,-0.609375,1.78125,1.265625,-5.75,0.75,1.109375,-5.125,1.078125,-0.25,0.05859375,-0.7109375,0.703125,-0.68359375,1.796875,0.63671875,1.203125,0.6171875,2.21875,1.0390625,-0.70703125,1.0859375,1.9375,3.859375,1.578125,-0.140625,-0.890625,0.51171875,-3.1875,1.03125,5.0,-1.875,-6.625,4.5625,1.1875,-1.078125,-2.0625,-3.65625,0.7734375,14.0,-2.375,0.169921875,-58.75,1.703125,-0.130859375,3.4375,-2.0625,0.67578125,-0.5703125,-2.46875,3.0,-2.171875,-0.21875,2.859375,-1.640625,-3.5,1.9140625,1.625,0.330078125,1.2578125,2.921875,-6.3125,-2.0625,-0.0849609375,-4.90625,1.078125,-0.05078125,-1.3515625,1.203125,-7.84375,-2.375,5.375,2.96875,0.2890625,0.9140625,0.125,0.38671875,2.609375,13.3125,1.765625,-2.390625,2.859375,2.328125,4.9375,0.296875,3.09375,1.625,4.59375,-2.40625,2.03125,3.40625,-1.03125,2.65625,-0.009765625,-3.984375,3.015625,-2.9375,-0.6328125,0.2734375,2.875,-0.62890625,1.1875,-1.3515625,1.34375,2.640625,-5.4375,0.59765625,1.609375,-0.05078125,-0.00323486328125,0.1904296875,3.6875,-2.921875,1.484375,-1.5,0.0078125,0.71875,-3.625,-1.3671875,-1.3203125,1.546875,4.0625,-1.1171875,-2.984375,-0.36328125,-3.9375,1.109375,3.84375,6.65625,-1.015625,0.5703125,-1.890625,9.1875,1.59375,-1.546875,-11.25,0.18359375,2.546875,-0.365234375,-2.34375,-3.3125,0.5859375,0.94921875,3.421875,-8.0625,-0.55859375,2.40625,0.158203125,-0.4375,1.046875,5.90625,-0.703125,-0.427734375,-1.0859375,-1.6875,3.296875,-4.9375,0.54296875,-1.6796875,0.5703125,-3.53125,-0.671875,0.5703125,2.09375,-1.9296875,0.109375,0.21484375,-1.765625,0.2265625,-1.109375,3.71875,9.5,0.173828125,-0.6015625,4.8125,-2.203125,0.6484375,3.3125,2.734375,1.8359375,2.046875,-1.15625,-3.921875,-0.95703125,-1.7734375,3.25,1.0,-1.6640625,-2.75,0.1552734375,10.125,1.734375,1.484375,2.875,1.921875,0.0625,4.09375,2.0,5.5625,-0.28515625,1.4765625,-3.140625,-30.5,-3.21875,-1.953125,0.41796875,3.265625,5.6875,3.8125,2.546875,0.2578125,-1.4765625,-1.34375,1.296875,-1.828125,-2.78125,6.25,-1.59375,1.484375,1.6015625,-0.46484375,0.5703125,10.125,1.1484375,0.78125,0.5546875,3.234375,-0.08984375,8.4375,-1.5390625,-8.5,4.53125,-8.0625,-12.8125,1.390625,0.8046875,-1.8515625,-0.171875,3.65625,0.51953125,2.015625,0.67578125,-0.2890625,0.6328125,-1.15625,-10.0,0.71875,-3.421875,-0.328125,-4.15625,-0.5625,-1.3203125,3.359375,1.7421875,-0.625,2.421875,-2.453125,-11.9375,3.453125,-0.318359375,-2.0,-1.421875,2.65625,-6.53125,1.46875,0.3359375,0.16015625,5.375,-0.46875,12.5625,0.3671875,-3.046875,1.5,-1.875,-1.8828125,3.140625,-1.265625,-3.234375,-2.796875,0.0625,1.953125,-3.296875,2.015625,-0.6015625,2.15625,0.37890625,-2.3125,8.125,-1.5546875,1.59375,0.0595703125,1.2109375,-0.328125,0.5625,-3.59375,0.7421875,-1.34375,-0.330078125,8.625,1.796875,1.03125,0.78125,-0.40625,-2.71875,0.1484375,1.4453125,1.59375,-2.625,1.0546875,-0.8828125,1.5546875,0.08984375,-1.0859375,-13.25,-0.75,-2.8125,-2.875,0.13671875,1.5625,-5.625,-0.5234375,0.484375,1.453125,1.3984375,-13.1875,0.78125,-1.0234375,-9.4375,-1.0625,-0.78125,-14.5,-3.4375,3.375,3.46875,3.34375,-0.515625,-0.404296875,0.390625,-0.337890625,-11.4375,1.46875,1.640625,3.1875,1.65625,-3.71875,-14.0625,-0.42578125,10.5625,0.00823974609375,-1.1953125,5.75,-1.203125,-0.6328125,0.828125,-0.2109375,1.4609375,2.9375,-1.5,10.3125,4.84375,-0.609375,-0.58984375,2.28125,1.859375,5.21875,-3.28125,1.9375,0.031982421875,1.5859375,4.4375,-0.07421875,9.25,1.109375,-2.078125,-0.49609375,1.328125,2.28125,-0.1640625,-2.1875,-0.69921875,-16.625,-0.078125,-2.5625,3.28125,-1.2109375,3.234375,-2.8125,5.3125,2.109375,-2.8125,0.54296875,15.625,2.59375,0.40625,-3.34375,-1.2421875,3.875,-0.6484375,-3.0625,-0.8515625,-0.322265625,-1.171875,1.28125,0.017578125,10.5625,0.67578125,-2.53125,0.640625,-1.125,1.7734375,-5.0625,-0.4453125,0.6484375,-0.01953125,15.1875,13.1875,-1.09375,-0.34765625,1.984375,-8.25,2.875,2.671875,3.15625,-0.3515625,-2.640625,0.201171875,-1.609375,-5.09375,3.9375,1.359375,4.25,-2.265625,1.671875,1.5625,3.1875,-4.6875,-1.2265625,9.9375,1.078125,-0.66015625,-1.3125,3.09375,-6.875,-2.46875,-4.46875,4.8125,0.6640625,3.390625,2.90625,-0.671875,2.40625,-2.125,1.15625,2.09375,-1.25,0.041015625,1.9140625,-0.58203125,-0.3046875,3.015625,1.84375,-1.984375,2.21875,1.234375,2.796875,-6.5,1.1015625,1.7109375,-0.69921875,-1.953125,-8.0625,1.671875,1.953125,-0.44921875,6.71875,2.078125,1.0,3.359375,3.0,11.25,-3.78125,-0.6875,-1.296875,-1.9609375,-2.3125,3.84375,0.98046875,-0.169921875,1.2265625,0.1953125,-1.609375,-1.9453125,-1.5546875,-2.03125,20.125,3.53125,-0.66796875,0.59765625,1.125,2.515625,2.4375,-3.65625,-6.78125,0.359375,0.140625,0.8828125,-4.34375,-3.015625,-0.7578125,-2.515625,-1.765625,1.4453125,2.421875,3.078125,3.9375,1.4140625,-0.9375,1.2734375,1.96875,-0.5546875,0.00390625,-0.5703125,1.4921875,-0.154296875,-6.59375,-3.09375,-0.69921875,-4.0,0.3984375,-10.5,-1.828125,0.93359375,-0.6875,-8.9375,-0.9609375,2.59375,1.125,5.0625,1.5,1.2734375,1.4921875,2.40625,-2.375,-3.296875,2.6875,1.3203125,0.078125,-0.50390625,1.359375,0.0,0.8203125,-0.390625,-2.5,-2.375,1.5625,0.048828125,0.46875,-1.953125,-2.3125,-0.4453125,-5.25,-1.484375,-0.828125,0.640625,-2.484375,1.7109375,1.8203125,-1.9296875,0.96875,-3.671875,-0.2734375,4.34375,4.15625,-3.46875,2.421875,4.1875,1.15625,2.203125,-2.390625,1.703125,0.28125,0.875,-2.65625,-0.1494140625,-0.59765625,-3.875,-1.65625,-0.2421875,-3.234375,-0.9765625,1.421875,-2.8125,3.1875,-4.59375,10.1875,0.15234375,2.328125,0.14453125,9.875,6.21875,-0.58203125,-1.359375,0.921875,-2.359375,1.125,3.0,-3.453125,0.3515625,1.546875,-1.6484375,0.64453125,-0.1494140625,-0.9921875,1.921875,-0.5234375,1.6875,2.3125,-0.224609375,1.1875,-0.7265625,0.3125,1.171875,2.765625,1.1796875,0.04296875,2.734375,9.5,1.1328125,-2.90625,-0.09326171875,1.25,-0.54296875,0.45703125,1.7578125,-2.28125,1.6171875,0.2890625,2.28125,2.984375,21.0,3.234375,-2.46875,-0.0859375,4.84375,0.9375,-2.71875,-2.65625,1.4921875,-12.125,-0.53515625,3.34375,-0.74609375,0.6640625,-3.859375,0.578125,-1.1953125,-11.625,0.5078125,0.1875,5.9375,1.5625,2.546875,-3.0,0.7890625,1.9609375,-6.09375,2.1875,-1.4765625,1.796875,4.75,0.2578125,-1.46875,0.2578125,-4.46875,-2.3125,-2.859375,1.4375,1.296875,1.015625,1.1015625,-5.0,-3.328125,-1.2265625,-1.0625,0.375,-0.71875,5.375,6.8125,2.625,5.1875,-3.84375,-5.75,2.640625,-1.1171875,-0.359375,-0.453125,3.4375,-0.6171875,-0.03515625,-1.6328125,1.0546875,0.390625,2.21875,1.328125,-2.515625,-0.90234375,1.4375,-3.078125,0.984375,1.4921875,2.25,-1.5,-4.75,-1.4453125,1.1328125,2.328125,0.796875,1.6640625,0.34375,1.65625,-11.3125,-8.8125,-0.45703125,1.640625,0.9765625,-0.4921875,-2.78125,1.25,-2.34375,-2.21875,-0.47265625,1.1640625,0.44921875,1.2265625,0.6171875,-2.546875,-2.359375,-0.0263671875,0.7265625,3.3125,2.578125,2.21875,-0.3203125,-0.625,0.04150390625,1.328125,1.3359375,0.54296875,-1.171875,-1.984375,2.4375,-0.62109375,2.53125,2.71875,1.984375,-1.9375,-2.375,0.296875,-0.9296875,-2.03125,2.71875,-1.203125,1.5625,1.96875,-13.3125,-2.703125,-3.953125,2.15625,1.6796875,0.27734375,-0.51953125,1.9375,-3.625,-5.0,-0.8203125,-1.25,-1.71875,1.0625,0.27734375,-10.625,-1.828125,-1.4609375,-0.23046875,6.4375,-9.0625,-1.0234375,-2.03125,4.25,-0.51171875,-4.375,0.55859375,5.0625,3.265625,-4.71875,1.640625,1.28125,3.40625,-2.09375,1.8359375,1.6640625,6.9375,-4.09375,1.3125,-3.25,0.515625,-2.15625,1.0234375,-6.1875,2.171875,2.15625,-2.515625,-2.6875,-4.90625,3.984375,-0.5703125,-37.5,-1.3671875,2.203125,3.015625,7.96875,-1.921875,0.578125,2.015625,1.40625,-1.203125,1.59375,-13.625,-0.66015625,-3.21875,-0.021484375,2.09375,-2.484375,-0.91796875,4.5,1.5078125,-1.2421875,-2.15625,0.1884765625,1.265625,-1.640625,1.8984375,1.859375,-0.0966796875,-1.3671875,-3.328125,1.03125,-1.546875,-0.451171875,8.875,-0.7890625,-0.734375,2.25,-0.6015625,4.25,0.5234375,1.390625,4.0,1.8515625,0.953125,-1.296875,-3.59375,1.609375,0.2294921875,5.375,0.1533203125,-6.65625,0.0,3.953125,-3.21875,-1.078125,-1.421875,2.65625,-0.765625,4.46875,2.734375,-0.2041015625,1.125,-2.625,-4.9375,1.5703125,1.4453125,-0.12890625,-0.134765625,0.0859375,1.53125,-1.1875,-0.16796875,-1.46875,-1.125,-2.546875,-4.75,-0.6796875,0.1806640625,1.2421875,-0.083984375,0.953125,1.4375,0.30859375,-0.6328125,-7.09375,2.03125,-3.609375,-1.0546875,2.5,1.5234375,-3.0,10.6875,-0.11328125,-0.58984375,-1.84375,0.96875,-0.45703125,-3.796875,-2.71875,-0.29296875,1.2734375,-5.65625,-0.515625,0.28515625,0.21875,1.984375,11.3125,6.34375,3.421875,2.375,0.103515625,-2.09375,-0.03125,-1.421875,1.09375,-0.53125,-4.03125,-3.03125,1.0703125,4.84375,-3.546875,-0.107421875,-1.9921875,-3.34375,2.796875,0.60546875,1.625,0.08203125,-0.490234375,0.34765625,-1.3046875,-0.65234375,-3.28125,0.1796875,0.80078125,-1.203125,2.265625,3.984375,-1.21875,-2.171875,-0.984375,-0.3828125,2.046875,-9.375,-10.8125,6.5625,0.12890625,2.5,2.4375,-1.3828125,3.3125,-0.05908203125,-7.8125,-2.28125,-3.75,1.9375,-1.4453125,-0.3515625,-3.34375,-0.5859375,4.5625,1.0234375,6.5625,2.671875,1.4140625,-7.5,-1.71875,2.421875,-3.03125,-0.20703125,-0.6328125,0.1953125,-3.640625,-0.0625,0.3515625,-2.125,5.0,3.609375,3.078125,-2.890625,-0.90234375,3.484375,-0.314453125,-1.0234375,5.0625,-0.98046875,0.3828125,1.5546875,2.25,-1.8828125,1.9453125,0.5390625,-2.03125,-3.109375,-0.5,0.04541015625,-0.9375,-4.25,-1.3203125,6.0625,-3.84375,1.1171875,-2.53125,-0.6171875,2.96875,0.01171875,-0.6171875,-3.0625,1.890625,0.06640625,-0.75390625,-0.359375,-10.375,-0.8125,-6.40625,-1.6796875,0.5859375,-0.09375,-3.875,-7.8125,1.40625,1.3984375,1.609375,1.3828125,-2.84375,10.625,1.7265625,-0.796875,3.125,-3.75,-34.0,0.9609375,1.1875,-2.21875,-0.84375,1.8671875,2.75,-1.7734375,-1.3359375,-3.140625,1.5078125,3.296875,1.1640625,3.96875,-5.6875,1.171875,-0.185546875,-4.09375,-0.6484375,-3.109375,-0.609375,-2.28125,-2.71875,28.0,-4.03125,1.59375,-0.7421875,3.390625,0.470703125,-0.8671875,-0.12890625,-6.90625,-0.25390625,-1.40625,-1.2421875,2.359375,1.875,-3.59375,-0.81640625,-0.62890625,0.8203125,1.7109375,9.875,-3.109375,4.5625,6.59375,1.171875,-1.75,-3.375,-0.96875,-0.51953125,0.890625,-0.310546875,-1.3828125,-2.4375,-3.0625,6.25,0.8671875,0.46875,-0.203125,-8.375,-2.6875,1.125,-0.46875,-3.59375,-0.28125,2.75,1.53125,0.1611328125,2.8125,-4.6875,-0.71875,2.859375,0.9375,-3.9375,1.2734375,1.15625,0.171875,1.1171875,-1.2421875,-3.625,-1.21875,1.390625,0.72265625,10.625,2.859375,-3.375,2.28125,-2.984375,3.703125,1.515625,1.5078125,1.0859375,-0.1806640625,0.78515625,7.09375,-0.22265625,0.2890625,0.625,-5.40625,-0.0888671875,-4.71875,-1.78125,0.203125,14.0,-2.375,2.65625,0.16796875,0.578125,-1.1015625,-2.609375,-2.78125,6.59375,-0.53125,-3.421875,-2.4375,2.390625,1.0546875,-0.12109375,1.3203125,2.1875,4.59375,-2.09375,-0.65625,2.203125,-2.0,-2.609375,1.140625,19.5,2.703125,-1.71875,-2.28125,-2.90625,-6.25,-0.1015625,-0.4375,-2.859375,-2.109375,-0.66796875,-5.625,-2.375,-2.28125,-2.21875,0.6484375,-2.09375,4.46875,1.1875,-2.78125,-2.21875,-2.328125,-2.4375,-1.6953125,-0.3359375,-0.4375,-0.703125,0.2421875,18.75,-0.447265625,3.15625,0.447265625,0.53125,-4.5625,-0.50390625,-0.6640625,3.1875,1.8671875,-1.625,-1.9609375,0.05859375,1.921875,-4.09375,1.546875,-0.37890625,-0.953125,-1.1015625,-0.734375,-6.03125,-0.51171875,2.609375,-3.96875,4.125,3.390625,-1.578125,1.296875,-0.75390625,-2.28125,1.71875,-2.046875,-0.2421875,0.35546875,-3.140625,-1.140625,2.84375,-0.734375,-1.8125,-4.03125,0.78515625,-0.8203125,4.125,-0.322265625,-0.828125,4.8125,-2.328125,1.5625,4.9375,3.34375,-3.8125,-0.875,-2.140625,-0.3046875,-4.90625,1.21875,4.625,0.44921875,0.328125,1.8515625,-0.01171875,-2.328125,-0.1484375,-2.625,-2.5625,-3.46875,-0.28515625,14.0625,0.43359375,1.8359375,0.09375,-0.64453125,0.38671875,2.109375,-1.421875,2.1875,0.5703125,-1.8671875,-0.2421875,-5.03125,-4.625,0.359375,16.375,0.90234375,1.234375,1.1640625,0.21875,-0.8203125,-4.09375,3.484375,-0.232421875,-0.2890625,-3.5,1.84375,3.65625,-3.21875,2.9375,-1.34375,-1.875,0.1826171875,-3.4375,-1.75,-1.2265625,1.53125,-0.33984375,-0.13671875,-0.8203125,-1.34375,8.75,1.75,1.5,-4.21875,13.4375,0.75,-2.203125,-3.375,-3.015625,-3.984375,0.2734375,1.15625,-2.546875,4.21875,1.765625,0.546875,0.33984375,2.015625,-1.2734375,-6.3125,-0.00689697265625,1.3984375,-1.7265625,-1.8984375,-1.53125,-3.8125,-0.30859375,0.234375,-3.375,-7.375,-1.015625,-3.75,-0.29296875,0.484375,-0.4375,-1.875,-0.21875,-1.78125,-0.12109375,0.6484375,5.28125,2.59375,3.984375,1.015625,0.8359375,1.28125,-0.96875,1.484375,-2.90625,-2.046875,-1.25,0.166015625,5.5,-2.34375,1.2890625,6.0,-1.1796875,-0.57421875,-0.125,-2.515625,-0.4140625,-1.8125,0.5,0.25390625,0.3828125,-1.375,4.28125,0.85546875,-1.25,3.21875,-0.365234375,1.5703125,2.109375,2.25,0.84375,-1.0625,-3.0,-0.921875,3.09375,-0.2421875,-0.205078125,-1.9609375,0.5625,-2.125,-0.0859375,-2.0,3.609375,0.8828125,-0.328125,1.0625,-0.765625,-1.703125,-0.578125,-2.25,-1.1953125,-1.6875,-2.671875,1.28125,0.255859375,1.4609375,-8.375,1.5,-1.359375,2.71875,3.65625,-2.921875,-2.640625,7.3125,0.125,-0.38671875,-0.796875,3.5625,-1.09375,-4.375,-1.4453125,-1.203125,-0.53125,-0.98046875,0.68359375,-5.75,-1.2578125,-3.171875,-2.109375,1.6015625,3.125,-1.0,-0.140625,6.3125,3.203125,4.4375,-2.4375,-2.140625,-0.20703125,1.40625,1.765625,2.84375,2.203125,-0.4765625,-12.0625,-15.875,-2.25,3.28125,0.5859375,0.0478515625,0.2265625,0.8671875,-0.08984375,-4.21875,-1.6015625,-2.9375,2.15625,2.171875,3.6875,-0.076171875,4.65625,-4.90625,3.90625,1.1640625,-1.3359375,-1.46875,-1.625,-2.78125,0.26953125,-4.78125,2.125,2.453125,-2.515625,-1.34375,0.2734375,1.890625,-2.75,7.625,2.921875,0.6171875,0.51171875,1.171875,-2.53125,0.3671875,-10.1875,0.30078125,-0.80859375,-2.21875,0.48828125,9.375,2.25,4.375,-3.375,6.84375,-0.224609375,2.734375,0.078125,-6.90625,-1.46875,0.875,-0.71875,-1.2890625,1.21875,-0.6640625,0.3671875,-3.0,-2.421875,2.046875,-0.439453125,-0.7734375,1.1875,4.5,-1.6796875,0.92578125,-0.7578125,0.494140625,-0.44140625,5.3125,-3.140625,0.5703125,-0.7265625,-3.0625,-2.703125,-2.328125,1.1875,2.734375,-0.3125,-2.421875,0.9921875,-1.25,3.828125,3.8125,1.25,18.125,2.875,7.0,-1.921875,0.4921875,2.15625,2.703125,-1.71875,1.03125,-2.03125,0.625,-0.953125,-1.4609375,0.6484375,-1.0859375,-1.0859375,-3.625,0.31640625,14.75,1.3359375,-0.73828125,6.59375,-4.78125,-1.5234375,3.078125,-1.859375,5.71875,2.828125,2.859375,-2.125,-1.6484375,-0.08984375,-0.9921875,-0.69921875,0.3125,-3.359375,-2.484375,3.53125,-2.8125,-3.90625,-2.515625,-4.5625,1.0390625,-3.15625,1.390625,-3.40625,2.078125,-0.48828125,-3.34375,-1.484375,-0.228515625,2.25,-5.6875,4.53125,0.56640625,-0.43359375,0.09375,2.203125,-35.75,-3.65625,0.55859375,0.1416015625,0.94140625,11.25,1.359375,3.171875,-1.1328125,-1.671875,2.875,-1.015625,-3.53125,-17.25,-0.099609375,3.6875,-1.5625,2.015625,0.859375,-0.15234375,2.5625,-1.375,0.94140625,-0.234375,-0.02734375,-1.265625,-0.28125,2.59375,-2.34375,2.609375,3.15625,-0.59375,-2.90625,-2.296875,-2.125,0.3046875,7.4375,1.71875,4.59375,-3.6875,-0.0546875,-0.0498046875,1.296875,1.34375,-3.59375,1.9453125,4.40625,-2.203125,-4.125,1.8125,3.03125,0.77734375,3.21875,2.234375,-4.5,4.6875,-0.29296875,3.5625,2.546875,4.25,1.8125,2.0,-0.453125,-0.73046875,2.28125,0.78125,-1.796875,0.88671875,-1.9375,-0.1767578125,-0.62890625,1.3203125,19.125,-1.859375,1.484375,-0.39453125,-3.25,-4.875,1.1328125,-1.765625,1.4375,1.015625,-0.515625,0.19140625,1.8828125,0.4140625,-2.015625,1.2109375,-0.5390625,-0.15625,-2.640625,2.15625,-3.328125,-1.484375,-1.453125,-1.296875,1.0,-2.703125,-6.8125,3.203125,-0.51953125,0.50390625,-0.671875,-1.734375,1.0546875,4.09375,-0.61328125,0.69140625,0.6796875,0.95703125,-2.5,-0.671875,7.28125,0.103515625,0.76953125,2.1875,2.734375,0.74609375,0.515625,1.1484375,5.28125,3.90625,0.265625,3.90625,1.265625,-0.328125,-2.71875,1.625,-1.96875,-0.53125,-1.28125,-2.703125,0.58203125,-1.9375,-0.890625,-1.7578125,-10.5,1.2265625,2.59375,-2.859375,0.5,-1.734375,0.427734375,2.203125,-4.84375,-0.404296875,1.8359375,1.46875,-9.9375,2.53125,-0.044921875,-0.37890625,-0.34375,15.9375,1.25,2.015625,5.125,-0.7109375,0.578125,-0.89453125,1.921875,4.09375,3.09375,-2.953125,-1.953125,-0.35546875,1.4609375,1.421875,-2.0,2.171875,-0.055419921875,-0.4140625,-2.59375,-2.390625,0.828125,0.796875,-0.9765625,0.6015625,0.365234375,-4.21875,4.21875,-0.306640625,0.005859375,-48.75,-2.25,-4.03125,-2.3125,-1.8671875,-0.29296875,-1.7578125,-7.5625,10.4375,-5.3125,1.1015625,-7.84375,-2.625,3.859375,-2.8125,-0.703125,-1.234375,3.28125,-2.921875,-4.03125,-3.75,0.37890625,-3.9375,-0.8125,-1.4296875,-2.015625,-0.734375,-3.140625,2.125,-5.21875,-3.90625,1.5,0.421875,4.03125,1.328125,-1.875,0.72265625,2.265625,-2.96875,0.3125,-12.6875,-3.875,0.33984375,3.515625,-5.34375,0.6953125,7.84375,2.15625,-1.3203125,0.5390625,-0.31640625,-0.6171875,2.859375,1.828125,1.4375,2.6875,3.28125,-2.53125,-3.390625,0.90625,0.123046875,3.34375,3.46875,-1.1875,4.375,-0.37109375,-1.3984375,-6.40625,1.640625,2.65625,-1.34375,2.625,1.328125,-0.953125,-3.03125,0.2158203125,-0.392578125,-0.98046875,-0.5390625,4.0625,-2.046875,0.15625,1.109375,-0.921875,1.4296875,1.6328125,-2.28125,1.9296875,-2.984375,-0.71484375,-1.03125,-3.1875,-1.5625,0.64453125,1.890625,-4.25,0.474609375,2.6875,-1.453125,1.1796875,-4.0,-0.57421875,7.09375,-0.4609375,3.4375,-2.703125,-0.69921875,5.5,3.6875,2.046875,2.0625,1.3515625,-0.74609375,3.09375,0.1953125,0.01220703125,0.40234375,-1.75,5.8125,-0.4375,-1.703125,0.310546875,-0.86328125,4.59375,-2.78125,0.208984375,-1.2890625,-3.078125,3.90625,0.7890625,-0.2421875,-0.8984375,-2.5625,-7.53125,-0.88671875,-1.234375,0.734375,13.8125,-1.296875,2.6875,-1.484375,0.365234375,-6.0625,-6.3125,2.625,-1.1171875,2.15625,2.75,0.46875,1.546875,0.96875,-1.5390625,4.46875,0.1123046875,0.2421875,-2.5625,0.90625,-2.78125,1.7265625,0.0859375,1.4296875,2.875,-2.125,-0.12109375,-0.76953125,0.37890625,-0.66015625,4.0625,1.4609375,-0.09375,-0.04296875,-1.46875,0.578125,0.953125,0.03515625,0.13671875,-0.0029296875,3.34375,2.140625,0.294921875,-0.158203125,-3.046875,-2.671875,-0.357421875,-1.1640625,-0.109375,0.91796875,2.828125,2.59375,-5.375,-0.96875,1.828125,0.13671875,-3.125,-0.36328125,-0.232421875,0.328125,0.6171875,1.234375,0.82421875,-2.84375,0.23046875,-2.4375,4.5625,-2.96875,2.046875,-2.359375,0.2734375,14.5625,4.4375,0.423828125,-0.6015625,-2.671875,-2.71875,-1.171875,0.765625,0.88671875,1.078125,-1.765625,0.9375,1.8671875,0.94140625,-3.6875,2.21875,0.9375,-1.9375,1.390625,2.0625,-3.8125,-0.1416015625,-2.3125,0.0458984375,-0.29296875,-5.125,6.96875,0.32421875,0.6875,-1.703125,2.40625,5.5,2.3125,0.66015625,0.61328125,0.23046875,-1.3046875,-23.875,-0.6953125,-0.6171875,-1.296875,3.3125,-4.75,1.2578125,-1.109375,1.734375,-1.3984375,0.40234375,-3.859375,-1.671875,-0.734375,2.0,-1.765625,-2.78125,2.25,3.46875,-4.5,0.41015625,-2.125,-3.5625,2.03125,-1.0234375,2.015625,2.71875,5.25,-2.421875,0.47265625,-1.7421875,1.3046875,0.0234375,-3.203125,2.9375,1.53125,-9.8125,24.375,-0.50390625,1.4140625,-1.5625,-1.78125,3.0,0.90625,-0.90234375,-7.0625,-6.1875,1.2109375,-4.0625,-3.203125,0.201171875,1.890625,-10.6875,-0.16015625,1.1953125,0.7265625,5.125,-1.4140625,-3.296875,1.34375,0.84375,0.78125,0.06640625,-0.890625,-0.4609375,-0.15625,-0.9375,-0.76953125,1.90625,-0.7734375,-3.203125,-4.15625,-1.640625,4.15625,-1.6796875,1.8671875,2.171875,-0.03125,-0.32421875,7.40625,-1.8515625,2.359375,-10.6875,-0.37890625,-1.1328125,-1.875,-0.90625,1.515625,0.94921875,-0.77734375,-3.4375,-0.087890625,6.28125,0.384765625,-1.640625,1.125,1.75,1.0859375,3.375,3.65625,-3.171875,-11.75,-3.5625,-0.162109375,-1.5,-0.18359375,5.15625,0.46484375,-1.9609375,1.75,1.40625,-3.59375,2.3125,2.359375,0.95703125,2.71875,7.3125,-1.7890625,0.43359375,-3.734375,-2.015625,-1.0390625,0.91796875,2.75,2.4375,0.4296875,1.375,2.15625,3.640625,-7.375,-0.328125,-3.53125,2.234375,-0.59375,-0.6484375,-3.78125,0.83984375,-0.96484375,3.28125,-1.078125,5.90625,1.8984375,1.65625,-0.11279296875,-3.09375,-3.40625,-2.8125,1.46875,-3.828125,0.0390625,-2.421875,0.62890625,-0.5390625,2.59375,-3.53125,-0.86328125,-1.453125,-1.78125,-5.53125,-0.033203125,-0.123046875,1.7578125,-0.703125,-15.875,0.2890625,-0.353515625,-1.28125,-2.359375,0.79296875,-0.828125,-8.5625,3.46875,1.4921875,-1.3125,-0.171875,2.265625,-0.15625,-0.119140625,-2.03125,5.4375,3.703125,2.953125,0.5859375,-1.6875,1.203125,3.609375,0.73828125,2.6875,3.21875,0.345703125,3.53125,0.84375,-2.78125,-2.09375,-2.546875,0.8359375,-5.84375,-0.9609375,0.4375,-1.2578125,0.33984375,1.515625,0.57421875,0.8046875,1.25,0.7578125,1.2734375,2.640625,6.09375,-2.890625,1.515625,1.375,0.140625,5.40625,0.0361328125,-5.625,2.109375,3.796875,9.5625,-0.875,-2.84375,-2.640625,0.56640625,12.25,-4.4375,-0.296875,-5.46875,0.322265625,3.25,-1.6171875,2.15625,2.25,-3.0625,0.9375,-2.71875,2.3125,-1.2265625,13.0625,-2.265625,-1.453125,0.4296875,1.046875,-0.796875,-2.1875,1.8125,1.3828125,-3.46875,-1.078125,-2.375,-3.3125,-4.09375,7.53125,4.9375,-0.1953125,-1.140625,-0.05078125,0.41015625,-0.55859375,2.734375,-0.087890625,-3.03125,-0.83984375,1.8125,-0.28515625,-2.609375,-3.203125,0.7734375,0.96875,-4.15625,-2.171875,2.3125,-2.53125,2.875,1.078125,-1.96875,1.890625,-2.546875,15.0,0.16796875,-1.3984375,22.75,-0.0703125,-3.875,3.09375,-2.296875,-0.6328125,0.7421875,-1.03125,0.859375,4.78125,0.69921875,-0.9453125,-2.921875,-1.03125,1.6640625,0.80078125,0.9296875,2.0625,0.212890625,-0.546875,0.48046875,-7.0625,0.1328125,1.53125,2.703125,4.15625,3.5625,-0.296875,-1.734375,-0.5078125,0.9765625,-0.48828125,0.828125,0.8515625,-4.875,0.408203125,1.3203125,5.0625,-5.46875,-2.890625,1.953125,5.0,2.46875,-5.3125,-2.875,0.1484375,0.0322265625,-0.8671875,1.71875,-3.09375,-0.609375,-1.46875,-18.125,-2.484375,-1.578125,2.640625,-1.6953125,-0.98046875,-2.9375,0.0625,-0.546875,0.45703125,-0.515625,-1.2734375,-1.796875,6.40625,-15.9375,-1.3359375,-0.87109375,0.64453125,4.0625,-0.365234375,-0.0595703125,-1.828125,0.453125,-1.6875,-0.4765625,-12.875,-3.109375,3.59375,-0.78515625,1.453125,-2.828125,-1.046875,-2.0625,4.5625,5.34375,-7.125,-0.44921875,4.71875,-0.146484375,0.029296875,-3.59375,1.4921875,3.84375,-1.125,-0.482421875,1.09375,1.234375,0.41015625,1.2734375,2.828125,2.28125,3.1875,2.453125,0.54296875,-4.09375,20.0,11.5,1.34375,-1.125,1.8515625,0.59375,-2.703125,0.5,1.6953125,7.28125,-6.59375,-0.015625,0.50390625,-2.515625,2.1875,-0.7421875,-4.75,-0.6015625,-3.28125,-0.8046875,-2.859375,-1.0078125,-0.953125,2.03125,-0.50390625,4.03125,-1.8671875,1.53125,0.8515625,-1.828125,0.6796875,2.21875,-2.71875,-4.875,-97.5,-0.7265625,-0.37109375,0.353515625,-1.2421875,-3.46875,1.296875,-2.375,0.89453125,-0.91015625,2.671875,-0.0390625,-1.25,6.1875,1.1171875,1.25,-0.3046875,-2.90625,-1.140625,1.1640625,-3.5,0.78125,-0.1640625,0.189453125,-1.1875,4.4375,-1.03125,-2.46875,0.5625,0.93359375,0.8984375,-0.56640625,-1.4765625,2.75,1.921875,-1.984375,-7.8125,2.375,-1.4375,7.0,7.625,-0.134765625,-0.66015625,19.625,-10.8125,-1.609375,0.96875,2.796875,-2.40625,11.375,-2.25,1.125,-1.140625,0.046875,-1.296875,-0.60546875,0.4453125,-2.40625,5.25,-0.89453125,-1.640625,3.421875,-2.640625,0.212890625,-1.109375,-0.10400390625,3.203125,0.91015625,0.22265625,-0.80859375,-1.203125,-0.9140625,-2.34375,2.375,-1.90625,-2.171875,-1.3125,-0.203125,1.703125,-0.828125,4.4375,-4.46875,-0.484375,-0.5859375,-1.375,2.078125,6.875,7.3125,1.9765625,0.66796875,-2.671875,-11.875,-0.8125,-0.427734375,0.078125,0.59375,1.9609375,-0.2890625,-0.1875,0.78125,0.984375,-1.5625,-0.23046875,1.1875,0.396484375,3.703125,0.59765625,-3.4375,3.0625,2.171875,2.328125,-1.2109375,7.25,2.453125,-1.1953125,2.828125,-0.796875,0.9609375,-1.359375,-2.640625,-0.7734375,-1.625,1.8125,-1.640625,2.75,1.8359375,-1.4140625,2.5,-0.03515625,2.625,2.5625,-1.390625,4.6875,-2.21875,-0.9765625,1.3984375,-2.796875,8.125,0.84765625,11.3125,2.4375,-2.1875,-4.21875,-1.90625,-3.09375,1.2421875,3.453125,-1.453125,1.796875,-0.55859375,-0.296875,-5.71875,-0.034912109375,16.25,0.89453125,1.1171875,0.3046875,1.1484375,0.6640625,-2.640625,0.578125,-1.640625,0.0078125,1.5,-2.421875,-2.84375,0.0546875,1.5859375,-1.015625,-0.12060546875,1.6640625,1.34375,1.765625,-2.96875,-1.7734375,-3.796875,-0.32421875,2.0625,-0.158203125,1.3359375,-0.3125,-2.3125,5.53125,-0.212890625,-1.4140625,3.859375,1.03125,7.59375,-0.41796875,-2.296875,-0.9453125,0.1484375,-0.62890625,0.83203125,2.890625,4.53125,3.09375,1.6171875,1.5859375,-1.765625,-0.578125,2.8125,-0.27734375,-0.67578125,3.65625,-0.88671875,1.8125,16.75,-19.5,-1.96875,-4.1875,0.26171875,2.734375,-3.0,-1.9375,1.0390625,2.0625,4.6875,1.1796875,0.89453125,10.25,2.484375,-0.294921875,0.3828125,4.21875,0.06640625,0.1669921875,-1.1015625,0.177734375,1.7265625,-5.65625,9.8125,0.96484375,1.71875,-2.28125,4.46875,-2.6875,0.82421875,-2.609375,-0.984375,0.921875,-0.1796875,2.75,-1.21875,3.3125,2.09375,-1.2109375,0.0234375,-4.375,4.25,-0.51953125,-1.1796875,-5.5625,1.0,1.40625,1.7578125,-0.09765625,1.6328125,-0.984375,0.30078125,-3.625,2.140625,-1.921875,3.90625,-1.90625,1.515625,-1.515625,-2.59375,-3.9375,1.03125,3.5,-6.34375,-1.5703125,-2.34375,-0.53515625,-2.5625,-4.15625,-0.49609375,-1.046875,-1.5,3.0625,0.2890625,-3.328125,-2.6875,1.796875,1.328125,-0.078125,-0.017578125,-1.359375,-8.3125,2.25,-0.265625,1.0390625,0.0625,-38.75,2.28125,4.21875,0.6484375,2.921875,2.78125,0.1484375,-0.13671875,-1.40625,-0.466796875,1.1484375,0.46484375,-0.55078125,2.8125,3.65625,-0.71484375,0.25,-2.125,-0.8828125,0.97265625,2.265625,-0.03515625,-2.1875,-1.265625,4.1875,-1.4296875,-1.2421875,1.1484375,4.40625,1.9296875,-0.1796875,-1.65625,0.421875,0.52734375,-1.109375,9.3125,-1.25,1.65625,-0.1328125,-4.3125,-4.0625,2.734375,0.32421875,0.9765625,2.15625,1.390625,1.7265625,2.78125,-0.25,-1.421875,-1.5234375,0.1953125,-1.5,2.625,-2.59375,0.1328125,1.75,-0.48828125,0.640625,-3.15625,1.671875,4.375,0.71875,4.8125,-2.34375,-1.875,1.3828125,4.0,-1.234375,0.365234375,9.8125,0.7578125,7.3125,4.28125,2.46875,-0.3125,-2.59375,2.421875,1.7578125,5.5,1.09375,-7.125,1.203125,-2.46875,-1.65625,-3.625,1.4296875,0.34765625,1.65625,0.39453125,-1.1796875,12.9375,-1.921875,0.671875,-1.84375,-6.6875,0.55078125,-1.734375,1.390625,-0.099609375,-0.07421875,4.34375,1.578125,0.84765625,-4.15625,-1.8671875,0.6875,0.95703125,-2.109375,0.9296875,-1.34375,-0.154296875,0.3671875,1.90625,0.5546875,1.21875,0.1875,0.78125,-0.6328125,-0.1484375,1.546875,3.484375,-1.25,2.859375,12.0,1.46875,-0.62109375,-3.125,-6.84375,1.71875,-3.984375,-1.0625,-2.5,5.5,-2.859375,-1.7890625,-0.69921875,0.42578125,2.765625,2.5,0.34375,1.8125,-0.26171875,0.150390625,-9.875,0.359375,-1.0390625,0.54296875,-2.625,5.125,-0.8046875,-2.5625,-2.421875,4.28125,-2.5,0.70703125,3.921875,1.625,1.265625,0.5703125,-0.03125,0.51953125,0.5234375,-1.09375,9.375,19.75,0.3359375,0.3671875,1.453125,1.7421875,-1.2421875,-0.09375,2.390625,-1.875,0.625,1.84375,-5.34375,4.0,1.234375,-2.453125,-0.20703125,0.7265625,2.09375,5.96875,1.625,1.3984375,-1.546875,7.125,-3.40625,-1.125,2.84375,0.4609375,0.921875,-0.6484375,-3.8125,-0.482421875,1.578125,-0.74609375,-5.78125,1.140625,-14.0,3.484375,-3.0625,-10.9375,-2.8125,-21.75,-0.78125,-3.46875,1.265625,-1.953125,0.78125,1.578125,0.97265625,0.0185546875,-0.271484375,2.28125,-0.04296875,1.75,-0.83203125,2.578125,-0.609375,-0.75390625,1.0078125,-4.0625,1.4296875,1.90625,-0.6953125,0.6953125,1.0859375,1.6640625,0.6015625,2.015625,-5.96875,2.171875,-2.171875,-19.0,-2.28125,3.0,2.078125,-0.890625,-7.875,0.734375,2.703125,0.2734375,-2.375,-0.40625,0.8828125,-4.53125,3.25,-0.7578125,5.90625,-1.0,-0.08984375,1.0625,5.875,-0.6171875,1.515625,1.953125,-0.91015625,3.328125,1.3046875,1.7734375,2.9375,2.171875,-0.5625,4.0625,-2.84375,13.4375,1.0859375,-0.447265625,2.453125,1.8515625,-0.14453125,0.189453125,-1.2890625,-1.5,3.171875,-1.671875,-0.080078125,-0.93359375,-0.984375,-0.1953125,1.6875,1.5625,-15.5,0.1943359375,-1.7265625,11.125,6.5,-2.5625,1.921875,-0.064453125,-7.625,1.8671875,1.1640625,-0.8046875,3.46875,-2.5625,1.6171875,-2.015625,-0.71484375,0.9453125,0.76953125,2.9375,-1.6875,-2.421875,3.4375,3.046875,4.75,-1.890625,-6.90625,1.96875,0.0703125,-0.095703125,-1.109375,0.296875,-1.234375,-0.8828125,-0.34765625,2.578125,-3.5625,2.078125,0.0390625,0.125,-0.83984375,0.95703125,10.875,0.4375,0.7265625,-0.9921875,0.361328125,1.28125,-13.5625,0.345703125,1.921875,4.78125,-2.3125,-2.34375,-2.40625,3.4375,2.890625,4.03125,0.93359375,-0.015625,9.125,-1.453125,-0.1328125,0.2578125,0.83203125,2.25,1.3046875,-2.5,-0.07421875,-1.53125,1.109375,-5.59375,10.1875,0.03125,-2.03125,0.23046875,9.3125,1.6171875,0.48046875,-4.0,-2.375,0.65625,-2.65625,-4.34375,-3.71875,-6.15625,0.10693359375,-2.421875,-3.234375,8.125,-1.15625,0.234375,1.125,-2.234375,0.7734375,0.38671875,-2.625,-0.1923828125,-1.9375,1.5546875,3.15625,1.21875,6.34375,4.96875,1.6484375,2.234375,1.328125,-0.81640625,3.125,0.36328125,1.84375,1.875,-3.4375,1.1953125,-1.078125,-0.828125,1.125,1.359375,-4.96875,3.625,-0.4375,-3.234375,-0.390625,-3.15625,5.5,3.359375,1.0234375,-17.375,-1.796875,0.130859375,2.390625,3.15625,2.78125,-3.640625,8.625,-0.30859375,-3.09375,-2.75,0.3203125,0.28515625,-4.03125,-3.71875,0.875,4.8125,4.3125,-0.6953125,8.0,7.65625,-0.0546875,-0.6796875,3.8125,3.78125,-1.859375,-2.3125,-2.0,-1.6875,-0.212890625,-1.4140625,-2.34375,2.171875,1.25,1.875,1.453125,1.1796875,-0.37109375,-0.171875,-1.375,0.13671875,-2.15625,1.5546875,-5.6875,-6.59375,-0.9296875,0.97265625,-5.0,-0.53125,-0.203125,-1.09375,22.125,1.3515625,-0.18359375,1.8046875,3.125,-2.46875,2.03125,1.15625,0.6640625,0.08203125,-1.828125,-1.34375,-2.359375,3.734375,2.421875,1.390625,2.34375,-1.6328125,-1.71875,-0.7890625,0.875,-11.6875,-2.125,1.3125,-0.033203125,-0.85546875,0.5078125,4.125,1.3671875,-1.7734375,3.59375,3.46875,2.5,-1.0234375,2.03125,1.25,3.0,-1.359375,-0.47265625,1.953125,1.09375,3.53125,-4.4375,0.6640625,0.6171875,0.203125,8.6875,-1.4921875,2.890625,10.625,2.921875,0.671875,0.15625,5.03125,-1.53125,-3.0625,-2.796875,1.734375,-2.5,-3.203125,3.375,-0.5078125,1.515625,-2.6875,-0.7265625,2.484375,-2.71875,2.765625,-2.28125,-0.2421875,-1.7109375,5.28125,1.0859375,-0.236328125,1.4375,-6.34375,0.0625,-0.73828125,-0.921875,-0.21875,-0.46875,-1.09375,-1.6640625,0.5703125,0.16796875,-2.515625,-2.6875,-0.6953125,4.28125,-0.9609375,2.5,-0.8671875,2.453125,-0.1171875,-1.9453125,1.828125,0.40234375,-2.421875,-2.53125,-0.70703125,3.09375,-2.015625,1.984375,-1.53125,-3.375,-3.171875,-9.3125,7.96875,0.390625,1.71875,-1.703125,0.59375,0.87890625,2.453125,9.5,0.99609375,0.46875,0.6484375,2.3125,-2.09375,4.125,-0.6875,-0.4453125,-2.4375,2.34375,-0.65625,3.328125,0.17578125,4.1875,1.703125,3.109375,2.3125,2.40625,-0.734375,2.0625,6.75,-6.6875,-0.50390625,0.8515625,-0.25,0.984375,1.5625,-5.5,3.75,0.1953125,4.6875,3.203125,-1.671875,-1.5625,1.6328125,2.375,9.5625,-0.359375,0.341796875,0.828125,-3.125,-1.21875,-0.8203125,-4.1875,-2.84375,-1.4921875,-4.71875,1.59375,-3.4375,-1.2890625,-1.21875,-1.078125,-3.15625,1.5625,-0.79296875,-15.5625,2.4375,5.46875,2.609375,-0.765625,3.5,2.96875,-4.46875,2.40625,7.75,1.390625,-1.9375,0.470703125,-3.5625,3.578125,0.4375,-2.75,2.28125,-0.478515625,1.90625,-2.1875,-0.80078125,0.88671875,-2.90625,1.03125,-0.3671875,1.859375,-0.75,0.6796875,-2.109375,-2.546875,-0.734375,1.140625,-2.921875,6.03125,-2.109375,0.69921875,-0.76953125,0.9765625,0.73046875,0.92578125,-0.5859375,-2.40625,-0.453125,3.859375,1.34375,-0.59375,0.359375,0.0859375,-0.265625,0.51171875,4.6875,-1.0234375,-2.5,-7.6875,-0.314453125,-1.125,1.1484375,-2.296875,-7.25,3.25,-2.0,-1.265625,0.0078125,-1.546875,2.328125,0.41015625,-4.15625,-3.28125,2.53125,-0.5,-4.0,-2.078125,-1.90625,1.234375,3.46875,-0.46875,6.125,-0.408203125,0.01953125,11.0625,-1.734375,0.88671875,-1.1875,-0.01953125,-2.59375,-0.671875,-5.09375,0.326171875,-0.76171875,0.310546875,0.99609375,1.0546875,7.40625,-0.439453125,-1.0,-2.53125,0.3828125,0.4921875,2.046875,-4.3125,0.451171875,1.5859375,1.5625,-0.29296875,2.125,-0.7578125,2.984375,-1.734375,4.0,0.271484375,2.28125,0.5625,0.59375,-0.61328125,-0.5546875,-0.03125,-0.73046875,-0.484375,7.71875,2.25,8.375,-1.640625,1.46875,4.53125,-2.671875,0.37890625,-1.546875,1.671875,1.2265625,-1.234375,-2.25,9.1875,2.1875,1.96875,2.046875,-2.0,0.90625,0.8125,-2.109375,-1.4296875,-2.734375,0.71875,1.7734375,0.5703125,0.21484375,-7.1875,3.234375,-2.421875,14.5,0.119140625,1.4140625,0.3828125,-0.63671875,1.2890625,1.34375,-2.75,1.1796875,-1.6796875,-0.314453125,-0.421875,0.1591796875,5.25,0.78125,0.7109375,0.1796875,-0.02734375,0.93359375,-0.7734375,-5.375,-6.0,0.69140625,1.0625,-1.078125,2.640625,-1.484375,-3.1875,2.96875,1.109375,3.484375,-5.8125,-3.875,2.109375,2.328125,0.4453125,1.59375,-0.203125,-0.890625,-1.078125,0.44921875,-0.875,-1.78125,10.0,-5.09375,1.328125,5.625,1.109375,-0.26171875,7.03125,-0.5390625,-0.52734375,0.375,-1.1796875,-6.21875,-1.3125,-1.828125,-2.25,1.8515625,-1.15625,2.46875,-0.123046875,3.921875,-2.15625,-1.15625,0.8671875,2.40625,0.859375,9.9375,-0.0078125,-1.0859375,3.640625,2.0,0.06640625,2.71875,0.2080078125,1.34375,0.984375,3.6875,0.93359375,0.7265625,-1.0546875,-8.3125,-0.24609375,-3.296875,2.28125,-1.6796875,1.4921875,0.7578125,4.8125,-0.87109375,0.515625,3.21875,-4.125,-2.8125,-2.5625,2.296875,-0.4765625,-1.4140625,-0.734375,-1.1796875,0.28125,-0.06640625,0.9609375,2.71875,-3.46875,-0.96484375,0.1796875,2.78125,6.875,-1.671875,-0.451171875,-10.0625,-0.234375,0.78125,-0.0703125,-5.15625,-2.65625,-12.375,0.40234375,1.3828125,1.40625,-0.21875,1.203125,0.359375,2.453125,-2.046875,0.37109375,3.15625,-0.5546875,0.703125,3.3125,-0.51171875,-2.21875,0.0322265625,-0.466796875,-2.5625,3.328125,0.21484375,0.3671875,4.5625,-1.984375,1.1328125,1.2734375,2.015625,1.5625,-3.09375,1.1875,0.1005859375,-3.328125,-1.8984375,0.55078125,2.390625,-0.12109375,3.703125,-0.146484375,-1.0,0.921875,-1.421875,1.3984375,1.890625,0.73046875,1.4609375,-0.984375,-0.48046875,3.390625,-1.203125,-4.03125,1.359375,-5.03125,-1.0390625,2.515625,-2.921875,0.0234375,2.953125,-0.390625,2.515625,-2.28125,-0.220703125,10.0,1.3515625,2.75,-1.09375,8.125,2.484375,-0.796875,-0.28125,0.078125,-0.1171875,1.5234375,0.51171875,1.0625,1.609375,-7.5625,-2.9375,-0.203125,2.703125,2.59375,-0.046875,0.55859375,-1.21875,-1.9609375,-3.578125,-0.228515625,-0.91796875,-0.62890625,-0.138671875,0.859375,1.2578125,0.2890625,-0.546875,-1.6953125,1.4609375,-2.21875,2.71875,3.9375,0.46875,-0.7109375,-12.9375,6.28125,-2.375,5.0625,3.4375,-0.2578125,-0.6796875,-3.625,4.96875,5.625,-4.6875,1.0,0.07421875,-6.4375,-0.06640625,17.625,-1.859375,2.375,-4.21875,1.1171875,-4.3125,0.95703125,-0.328125,3.015625,0.7578125,-2.171875,-1.8046875,-3.703125,0.90625,-0.09765625,0.39453125,-0.30078125,-0.26953125,4.75,0.671875,2.53125,-0.015625,-0.37890625,-1.25,1.890625,-0.12890625,0.220703125,1.234375,2.015625,-2.234375,-2.59375,-5.625,-0.326171875,-0.0283203125,-9.4375,-9.6875,4.75,1.03125,-1.5546875,-4.34375,1.6484375,-0.03515625,-0.6953125,-2.359375,-1.515625,-0.478515625,-4.8125,0.171875,4.0,2.28125,-3.03125,-1.96875,2.078125,0.54296875,1.25,0.345703125,-0.87890625,3.609375,2.3125,0.8984375,-1.4296875,5.53125,-0.484375,-1.734375,-2.453125,1.5234375,1.8203125,4.625,-0.19140625,1.9375,7.5625,0.47265625,0.55859375,2.9375,-2.953125,4.84375,-1.109375,3.40625,0.953125,-0.46484375,2.78125,-0.470703125,-0.890625,-3.0,-1.6875,-4.0,0.21875,-0.44921875,-2.453125,1.7109375,3.171875,-3.15625,-2.28125,7.96875,5.4375,-2.3125,0.61328125,2.59375,-1.2734375,0.03515625,-8.125,-0.42578125,-0.21875,-0.5859375,0.478515625,0.578125,3.625,-1.84375,-1.8671875,2.53125,0.3671875,1.484375,-0.09765625,4.875,-2.84375,18.25,-0.44140625,-1.984375,4.21875,1.609375,1.734375,0.6640625,3.15625,10.125,-7.5,0.84765625,-3.8125,0.84375,0.0908203125,-0.12353515625,-0.7109375,-3.625,1.1015625,-0.81640625,0.55859375,0.5625,0.671875,-0.9921875,1.5078125,0.62109375,-0.68359375,-1.859375,-0.67578125,2.9375,1.109375,1.734375,2.203125,1.140625,-0.35546875,4.96875,4.09375,-1.046875,-0.890625,0.140625,-2.890625,2.0625,1.8515625,1.234375,3.359375,-3.234375,-1.7109375,2.3125,-0.6796875,-1.3046875,5.4375,0.8671875,3.609375,0.5390625,0.43359375,-2.75,6.09375,-0.94140625,0.15625,3.359375,14.0,0.72265625,-0.46875,3.140625,0.484375,0.6953125,-0.98828125,-0.419921875,4.1875,-1.546875,0.220703125,-5.96875,-0.021484375,0.17578125,3.09375,4.34375,0.099609375,-1.390625,2.34375,-2.796875,2.109375,20.125,3.984375,-0.1025390625,0.4609375,1.0625,1.3125,0.0625,-1.34375,0.6328125,-1.890625,2.40625,1.15625,-6.3125,-36.0,-0.494140625,-2.578125,-3.59375,-0.12890625,0.3828125,-2.0625,-3.3125,-2.375,0.796875,-2.421875,-1.8203125,-1.5,3.125,-2.796875,7.0,4.625,-0.08984375,-2.0625,-0.09375,-2.0625,-2.78125,1.125,-3.0,1.0625,0.03515625,-0.025390625,-0.9140625,0.75,1.71875,2.0625,0.4375,-5.1875,-2.375,2.0625,-2.859375,-1.4140625,6.40625,11.625,1.6796875,1.5546875,1.421875,-0.80859375,-1.1875,2.40625,-1.7890625,-9.5,-4.375,0.140625,-4.6875,2.0,-2.28125,-2.359375,-1.015625,0.70703125,7.8125,-4.9375,-0.7578125,0.107421875,-0.5546875,3.8125,-0.7890625,-1.5,2.640625,-2.640625,108.5,2.59375,0.71484375,-2.46875,2.21875,1.4453125,0.8359375,-2.828125,2.625,-1.609375,-0.86328125,1.609375,1.140625,0.3984375,7.1875,-0.28125,-0.9375,3.3125,-2.5625,-4.625,-1.140625,1.015625,-4.84375,-0.6015625,-0.5078125,1.1171875,-2.875,-0.3203125,-3.21875,0.375,-3.09375,6.3125,2.96875,0.9609375,2.515625,-0.357421875,-1.1015625,-1.125,-2.015625,0.765625,4.5,0.458984375,-0.111328125,0.216796875,1.90625,-0.67578125,-0.20703125,-1.03125,3.625,1.3515625,1.1171875,-1.65625,3.71875,1.265625,2.265625,0.84375,0.390625,0.41796875,1.5078125,0.28125,-1.203125,-3.203125,1.140625,-2.390625,0.98046875,2.4375,-7.5,1.328125,10.5625,17.5,-2.296875,2.34375,-2.4375,0.3125,-0.875,1.40625,-0.06640625,-1.625,-0.09765625,0.34765625,-0.6484375,1.515625,6.71875,0.1796875,-1.8828125,-0.20703125,11.0,1.3515625,-0.609375,1.734375,0.04296875,-1.015625,2.3125,-2.28125,-0.462890625,-0.8125,-0.6796875,4.875,4.59375,0.84375,-49.5,-2.78125,3.875,0.7734375,1.0234375,4.875,0.2578125,6.28125,-2.265625,-1.703125,6.6875,-4.8125,-1.3046875,-2.40625,0.76171875,8.875,0.609375,3.296875,-2.09375,-7.125,2.328125,-1.234375,4.0,0.4765625,-0.6015625,-2.0,3.375,-16.125,-1.40625,-1.0234375,-2.46875,-0.671875,2.625,-3.4375,1.53125,4.125,-1.421875,-3.09375,1.984375,-2.890625,-0.0908203125,2.359375,-0.0546875,1.703125,-3.609375,1.890625,-0.388671875,-0.9765625,-1.609375,2.109375,-0.55078125,-5.25,2.140625,-1.125,0.58203125,0.6953125,-6.875,-1.03125,-0.55859375,-7.25,-1.171875,-3.046875,-1.796875,0.4453125,2.890625,0.95703125,-0.1015625,-1.1015625,0.421875,-1.015625,-0.78125,0.71484375,5.90625,5.75,4.25,-0.86328125,3.15625,-1.140625,-3.3125,1.1875,-0.37890625,-2.5,-0.13671875,3.234375,-3.5,0.609375,2.484375,-0.376953125,-8.125,0.62890625,1.09375,-3.875,1.7734375,-2.484375,7.3125,0.87109375,0.15625,3.1875,2.109375,-2.40625,0.4921875,4.21875,-5.6875,-0.546875,-4.3125,3.875,-1.109375,-10.3125,2.59375,-1.0546875,-2.390625,1.890625,0.59375,1.3125,13.3125,-3.28125,-0.29296875,4.28125,-0.76953125,-9.3125,-1.5859375,-0.72265625,0.90625,1.84375,-7.1875,1.4921875,3.09375,-0.49609375,4.40625,-1.28125,2.75,2.84375,0.82421875,0.06640625,3.71875,-2.765625,2.09375,5.375,-2.484375,-0.4375,-0.34375,-3.03125,-1.125,2.046875,-0.890625,0.32421875,1.09375,-1.8984375,-1.40625,-4.0625,0.96484375,0.392578125,1.59375,0.57421875,-5.03125,2.46875,3.59375,0.90625,-1.7421875,-1.8671875,0.80859375,1.7109375,1.0859375,-40.0,0.55078125,-0.6796875,-1.125,-0.6171875,2.390625,1.8203125,-1.4609375,0.126953125,2.046875,0.6328125,-0.92578125,-1.7890625,3.109375,-0.2421875,1.4296875,-0.8515625,2.09375,0.37890625,5.125,1.0546875,-0.6953125,-0.375,1.0078125,-2.828125,0.12109375,2.640625,9.625,-1.03125,0.046875,0.46484375,2.90625,-0.796875,0.8359375,-3.734375,1.890625,2.703125,-3.25,-1.84375,-6.46875,3.1875,-4.125,-2.203125,0.7265625,-3.6875,-2.703125,1.640625,2.609375,-2.03125,-0.99609375,3.5,-0.123046875,2.0625,0.44921875,-0.384765625,6.40625,-2.03125,5.78125,0.8203125,1.1640625,-1.4921875,-1.9140625,-0.7265625,0.6171875,-4.125,0.16796875,-3.09375,1.921875,2.796875,1.390625,0.90625,5.8125,1.2734375,1.2734375,-2.921875,-0.296875,-6.625,-2.328125,1.078125,-3.546875,1.390625,2.546875,-1.03125,-2.390625,-2.5625,-0.330078125,-4.53125,-3.078125,1.6640625,1.2265625,2.96875,0.052734375,-0.6171875,-3.0,-1.1796875,-1.0078125,-1.3046875,0.181640625,0.859375,0.85546875,-0.546875,0.328125,0.5390625,0.71484375,-5.21875,-1.8203125,0.68359375,0.79296875,0.91015625,-0.859375,0.625,1.515625,-2.609375,0.47265625,-0.79296875,-2.390625,-5.40625,2.421875,-1.796875,-2.40625,3.453125,-3.65625,0.26953125,0.6953125,0.38671875,-1.8125,-0.46875,0.81640625,1.515625,0.953125,-0.2265625,5.40625,-1.5546875,2.0,-4.875,1.1796875,-0.37109375,-6.59375,-0.01806640625,-0.59375,3.390625,-1.234375,-5.59375,-1.875,1.5,2.1875,8.4375,-0.25390625,-8.9375,0.77734375,-0.82421875,-9.1875,-0.1015625,3.03125,-0.7109375,-0.671875,-1.625,-0.23828125,-1.1640625,-11.875,1.1328125,-3.390625,-1.5703125,-0.296875,-2.65625,-1.3828125,3.125,0.8203125,-0.4453125,1.53125,0.03125,0.8046875,-1.40625,-0.828125,-3.484375,1.734375,-0.79296875,0.82421875,2.25,-7.09375,1.0078125,0.81640625
2,-1.859375,-2.921875,0.98046875,-0.82421875,4.3125,1.8828125,-2.03125,-1.453125,-1.6484375,4.28125,2.4375,1.578125,0.84375,-0.12890625,4.1875,0.28125,-1.0390625,-2.03125,0.546875,5.09375,1.375,1.3359375,1.59375,1.7421875,-3.609375,-8.4375,-0.15625,0.671875,-4.75,0.90625,5.6875,0.13671875,1.359375,-1.796875,-0.65625,-2.328125,4.0625,3.96875,0.009765625,-5.28125,-1.09375,0.51953125,3.875,0.8828125,0.70703125,-1.296875,-2.15625,-0.92578125,0.451171875,2.5,0.46484375,0.5234375,-0.328125,-1.0,3.59375,-2.53125,-1.015625,-0.328125,3.234375,0.0927734375,-1.1171875,-0.1162109375,1.46875,-0.66796875,0.6875,0.302734375,-0.6953125,1.2109375,-1.9765625,-2.171875,-0.51171875,3.359375,3.34375,-0.38671875,0.5078125,0.6875,-2.234375,-5.875,2.625,3.46875,-1.046875,0.53515625,-0.66796875,-0.58984375,-1.015625,-2.34375,-2.03125,-3.65625,0.734375,1.6875,-3.21875,1.3984375,-1.984375,5.875,-1.28125,-0.65625,0.7734375,-0.21484375,-0.1640625,-0.1484375,-0.09375,-0.154296875,0.2265625,-1.3671875,-4.34375,3.78125,10.875,2.421875,0.19140625,1.453125,-8.0625,0.83984375,-1.125,-1.015625,-0.6015625,2.28125,-3.296875,3.09375,-1.46875,3.5,-0.6640625,0.5,-0.09765625,2.15625,-1.109375,0.578125,0.6875,1.0078125,0.9375,-0.3984375,0.7421875,1.2578125,-3.78125,-1.609375,-0.32421875,-2.234375,-2.125,-1.078125,0.8359375,0.0052490234375,-0.24609375,0.46875,-1.3515625,-0.015625,0.03515625,2.203125,-2.5,1.109375,0.41015625,1.1328125,-2.640625,1.5390625,-1.109375,11.3125,-0.8203125,0.158203125,-0.044677734375,5.0,1.703125,-1.140625,6.65625,5.125,1.453125,-2.1875,2.28125,0.177734375,3.15625,-0.296875,1.25,0.140625,0.2470703125,-0.54296875,4.59375,1.34375,-1.0703125,0.123046875,-0.1328125,-1.671875,-1.625,0.7265625,1.21875,-0.291015625,-2.96875,-0.013671875,-0.078125,1.1015625,3.46875,0.9296875,-2.234375,0.341796875,6.03125,0.84375,-0.6484375,0.1298828125,-0.5234375,0.046875,-6.78125,0.84375,-1.140625,1.578125,-8.25,1.734375,-0.8359375,-0.70703125,-0.181640625,0.3359375,-1.5,-1.171875,-6.0625,-1.734375,1.78125,-0.044921875,2.28125,-0.4453125,4.3125,-0.134765625,0.435546875,1.515625,-0.88671875,1.4609375,-1.53125,0.6953125,1.859375,0.53125,-1.0703125,-0.046875,0.044921875,-0.52734375,-2.375,0.7265625,0.09765625,-1.078125,-1.2578125,-3.03125,-0.41015625,-2.015625,4.75,-1.5859375,-1.1484375,2.421875,0.421875,-4.96875,-0.65625,-0.232421875,-0.212890625,-2.375,1.0234375,0.2890625,-0.58984375,-4.6875,3.0625,3.65625,0.119140625,-1.1640625,0.65625,-3.59375,1.7734375,1.203125,3.484375,-2.59375,1.265625,0.0008544921875,3.25,0.2333984375,-0.71875,-0.396484375,1.984375,0.9140625,0.17578125,-1.703125,-1.2109375,0.9296875,-1.7265625,2.1875,6.3125,0.5078125,3.359375,0.0458984375,-0.234375,-1.171875,-3.78125,-0.15625,-0.671875,4.25,1.8125,-1.625,-1.6875,-2.375,1.375,0.78125,-3.5,1.671875,-1.1640625,2.75,0.28125,1.203125,1.6875,-1.234375,-0.66015625,-4.0625,1.1953125,5.34375,2.265625,-2.59375,-0.453125,0.2578125,-1.953125,-0.2265625,-0.95703125,-15.5,-0.119140625,-1.8828125,0.421875,-0.7890625,-0.71875,14.0,-2.484375,0.81640625,0.33984375,1.609375,-1.5546875,0.1953125,2.140625,1.796875,-0.84375,-1.640625,-1.515625,-3.921875,0.63671875,0.052734375,-0.78515625,-3.125,0.3046875,-0.53125,-3.90625,1.03125,1.265625,-0.66015625,-0.48828125,2.359375,0.71875,2.03125,-2.625,0.185546875,-1.7109375,-0.8203125,-0.3125,0.16015625,-1.703125,2.3125,-5.78125,21.5,6.09375,-1.71875,-3.640625,1.3515625,1.5,0.474609375,-7.0,1.1953125,2.15625,0.7578125,0.1796875,-0.90234375,0.6015625,1.9609375,-1.4375,2.0,1.3203125,-5.1875,-0.703125,-3.265625,-0.8125,-1.1875,-5.96875,0.1328125,-0.31640625,-0.4375,-0.396484375,0.5625,-1.5234375,-1.4140625,-0.984375,1.953125,-0.208984375,-1.765625,-1.8515625,-0.5625,-9.75,1.53125,0.5390625,2.390625,1.2421875,-0.60546875,0.6484375,-0.419921875,2.5,0.2421875,1.0078125,-1.7265625,0.95703125,-0.75,0.9609375,1.7734375,-1.078125,2.109375,0.27734375,-3.21875,-1.953125,2.0625,-0.83203125,-0.6796875,0.87890625,0.203125,-2.109375,2.359375,0.953125,1.7109375,-2.40625,-0.1015625,0.546875,1.3046875,1.546875,0.40234375,2.25,0.4296875,0.29296875,0.1640625,-3.3125,-0.81640625,-0.6875,-5.125,3.375,1.421875,0.7890625,1.25,1.1875,0.8046875,0.7734375,0.59375,-0.7578125,-0.41015625,4.21875,1.90625,-0.056640625,-0.248046875,-1.8359375,-2.984375,-1.515625,-0.703125,1.375,-0.228515625,-0.4375,7.59375,-0.2109375,-1.7578125,-1.171875,0.38671875,8.25,0.3203125,-5.375,-1.046875,0.9609375,1.9296875,0.470703125,-0.546875,4.8125,0.93359375,3.53125,0.380859375,-0.5078125,-0.47265625,-1.609375,1.21875,1.0078125,3.0625,-0.43359375,4.15625,-1.40625,-4.78125,-1.4453125,-0.462890625,-2.71875,1.0,0.1796875,3.5,0.765625,1.859375,-3.296875,-1.859375,2.859375,1.140625,-0.6953125,0.314453125,2.125,-3.0625,0.625,0.953125,1.28125,-0.953125,1.15625,3.125,1.0625,-1.2890625,0.125,-2.09375,1.1640625,0.486328125,0.78125,1.203125,-2.25,0.24609375,-1.078125,-1.890625,-0.78125,0.625,-2.984375,3.0,0.70703125,-0.5,-2.03125,2.375,1.515625,-0.458984375,0.01171875,6.4375,3.65625,-2.125,-1.8203125,-3.1875,1.9453125,-0.85546875,-0.345703125,1.4140625,-1.0703125,-1.140625,-1.734375,-1.421875,1.75,0.9375,-2.484375,2.625,-2.125,-1.5625,-5.375,-0.56640625,0.58203125,1.375,-0.4921875,0.859375,-0.80859375,0.443359375,-2.359375,-1.0078125,3.1875,0.8359375,-0.921875,0.478515625,-1.109375,-1.65625,-2.109375,0.35546875,2.71875,-0.04296875,-2.9375,-0.875,-1.015625,0.42578125,-0.203125,0.416015625,-1.0078125,-0.0546875,0.578125,-0.76171875,-0.5,1.484375,10.8125,-0.53125,0.208984375,-0.4765625,0.302734375,1.6171875,-0.8125,1.1484375,-5.46875,1.390625,-3.140625,-0.96875,-2.5,1.328125,-0.0185546875,-4.15625,0.4921875,1.25,-2.28125,-2.609375,0.80859375,-0.7578125,0.4296875,-2.609375,-0.4453125,3.9375,1.15625,-2.84375,-0.24609375,0.73046875,-3.75,-0.09765625,-0.19140625,1.046875,0.546875,4.96875,-0.8984375,0.640625,1.28125,-0.1826171875,6.4375,2.078125,1.9375,2.53125,6.5,-1.515625,-0.94140625,-2.25,-2.8125,1.1875,-2.46875,-2.34375,1.3046875,-2.296875,1.0703125,-0.93359375,0.3359375,3.25,0.8125,0.58203125,-1.6328125,-0.6875,-3.265625,0.3125,-0.2890625,-0.65625,-0.3203125,1.2734375,-1.3359375,-0.89453125,-1.6875,0.73046875,1.2265625,-1.3359375,-1.5625,0.890625,-0.078125,-1.6875,1.2578125,-0.453125,-0.15625,0.31640625,-6.46875,-3.140625,-1.203125,1.015625,-1.3203125,-1.1640625,-0.142578125,2.421875,0.4453125,-0.84765625,-1.046875,-2.078125,0.18359375,1.0859375,0.546875,-1.1484375,0.640625,-0.099609375,-0.22265625,0.431640625,-0.69140625,2.078125,1.328125,-0.06640625,-0.4609375,-0.453125,-2.0625,0.49609375,0.78125,0.484375,-2.546875,-0.20703125,10.625,1.625,-0.83984375,-36.5,-0.97265625,2.1875,1.1484375,-1.4375,-0.1171875,-1.171875,-3.53125,1.1015625,-1.828125,-0.31640625,1.375,-1.390625,-2.5,-1.1484375,-0.6171875,-0.5078125,-2.4375,-1.171875,1.84375,1.21875,0.8671875,-1.1640625,-3.078125,-2.25,-0.08203125,0.498046875,0.302734375,-2.53125,-0.00390625,-0.82421875,0.27734375,1.34375,-1.8125,-1.0703125,-0.8984375,3.1875,0.1796875,-0.41796875,1.6796875,-3.53125,1.359375,-0.0078125,-1.21875,3.625,-1.6640625,1.6875,-2.875,-0.060546875,1.453125,-0.009765625,1.15625,-1.828125,2.1875,1.234375,-0.484375,-1.875,1.765625,-0.3359375,1.8046875,-0.126953125,-0.1796875,0.1796875,3.953125,0.66015625,-1.03125,-0.26171875,-2.078125,0.859375,-1.2734375,0.146484375,-0.59375,-0.15234375,-0.796875,-1.9140625,-9.3125,-2.0625,0.185546875,1.09375,-2.921875,-1.1875,-1.265625,-0.2890625,-3.09375,-0.78515625,0.984375,1.828125,0.515625,0.265625,-1.609375,-5.34375,3.703125,1.53125,-6.09375,0.28125,0.75,-0.359375,-3.125,-0.83984375,1.15625,-0.31640625,-1.296875,1.375,0.197265625,5.0625,-0.796875,0.546875,2.15625,-1.4375,2.96875,1.328125,1.4375,-2.046875,0.1298828125,5.03125,-1.953125,2.59375,1.8671875,2.6875,-0.796875,-0.546875,-2.03125,-0.2021484375,-1.71875,0.06640625,-0.5546875,-0.361328125,-1.578125,-3.921875,-6.21875,0.158203125,-3.609375,3.421875,1.2734375,-2.34375,0.359375,-1.3359375,-6.78125,1.28125,-1.140625,-2.3125,-0.4375,2.859375,-3.09375,-1.171875,-3.359375,-0.431640625,-0.23046875,-4.625,-1.609375,-0.34765625,0.43359375,0.8125,0.90625,1.703125,-0.0703125,-1.0078125,-1.328125,-0.48046875,1.359375,-7.28125,-2.15625,-1.921875,0.796875,1.5078125,8.875,8.875,-0.3671875,0.78125,-2.4375,-2.609375,0.453125,-2.59375,-1.03125,2.125,0.4921875,3.171875,0.75390625,1.109375,0.171875,-10.625,-0.90625,0.85546875,1.8046875,0.03125,-0.3203125,1.421875,1.765625,-1.3125,-6.5,-2.203125,6.375,-2.015625,0.796875,1.1953125,-2.5625,-1.921875,1.6171875,-1.9921875,0.4296875,-0.84375,-6.5,-4.09375,3.03125,-1.078125,-1.1796875,1.6484375,0.82421875,-0.361328125,0.5546875,3.671875,-0.17578125,0.41015625,1.4140625,-1.3515625,4.90625,0.8203125,0.64453125,-1.84375,1.0,2.21875,-0.08984375,-1.90625,-1.390625,-1.03125,-0.46484375,-1.96875,-0.07421875,-3.734375,-4.875,-0.79296875,-0.68359375,0.12451171875,0.96875,-0.482421875,-2.796875,2.84375,0.75,2.265625,-1.40625,-4.125,2.90625,-1.03125,-1.6796875,0.23828125,2.96875,3.28125,2.53125,-0.71484375,0.33984375,0.1357421875,-0.859375,0.59375,1.9296875,-7.53125,0.255859375,0.50390625,0.28125,0.953125,0.546875,2.21875,-3.96875,0.00732421875,1.1875,1.4375,-1.75,-0.6171875,1.578125,0.1044921875,1.3984375,2.03125,-14.25,-0.62890625,-0.625,4.375,-1.2109375,9.5625,-7.15625,-2.828125,0.35546875,-0.1962890625,0.7734375,0.345703125,0.54296875,0.029296875,-3.84375,-1.21875,1.5703125,-5.40625,-0.20703125,1.8359375,3.09375,-0.208984375,-1.15625,-0.65625,2.0,-0.18359375,0.466796875,-0.7421875,3.0,-5.53125,-1.265625,3.03125,1.9765625,0.50390625,0.138671875,0.55859375,-1.46875,0.45703125,-0.73046875,0.5859375,-1.3984375,-0.54296875,-1.2265625,0.46484375,2.59375,-0.5390625,-1.375,-1.125,-0.3828125,1.203125,-1.15625,1.1875,-2.234375,2.15625,0.1875,1.328125,1.59375,0.07421875,12.75,1.53125,-0.3203125,0.5703125,0.6796875,-1.6640625,-1.90625,-1.4609375,-1.953125,-11.9375,2.0,-5.125,-1.203125,0.34765625,0.6875,-0.111328125,-1.171875,-1.53125,-0.1484375,-1.375,4.125,-0.9296875,-3.875,-1.5859375,0.7734375,3.53125,-0.1103515625,-2.421875,-2.1875,0.828125,5.46875,0.2578125,3.03125,2.203125,0.171875,0.146484375,-0.4140625,0.6015625,0.546875,-1.2890625,0.14453125,3.21875,-0.21875,2.328125,7.53125,1.8671875,2.796875,-0.8046875,13.8125,0.5625,1.0703125,-1.6328125,-0.228515625,-0.068359375,-2.140625,2.609375,-0.80859375,-0.58984375,-0.060546875,-0.8671875,-0.7265625,-0.3671875,-0.984375,1.484375,-5.625,-2.34375,-4.0,-0.1328125,-2.9375,-1.1640625,0.7265625,23.5,-1.6796875,-1.296875,1.4609375,-4.65625,3.0625,-0.015625,0.482421875,3.765625,1.828125,0.25,-2.09375,3.359375,-1.1953125,1.609375,0.87890625,0.796875,0.3125,-1.015625,2.53125,1.25,-0.03515625,-2.15625,-1.78125,1.0625,0.27734375,0.6484375,3.5625,3.46875,0.91796875,-2.4375,-1.3125,10.125,3.515625,-0.890625,1.578125,-0.9765625,-5.625,-2.203125,-1.6953125,0.5078125,1.8125,-0.314453125,-3.09375,-1.5546875,1.6796875,1.6796875,0.93359375,-1.484375,-2.609375,-2.15625,0.248046875,13.3125,-1.53125,-0.265625,10.6875,0.96875,-0.46484375,0.3515625,-1.2890625,-3.5,-0.2578125,3.453125,-0.59375,-0.21484375,-1.671875,0.3046875,0.1796875,2.125,-0.4609375,3.5,1.8828125,-1.4140625,-1.6015625,2.25,-1.6171875,2.40625,1.3203125,-3.5625,-1.453125,-0.87890625,-0.98046875,-2.765625,-1.4375,-0.859375,-1.046875,0.74609375,-0.228515625,-0.9765625,3.703125,5.375,-3.0625,0.66796875,-3.3125,1.1796875,0.125,-0.25390625,1.5,-0.94140625,0.625,-1.1953125,0.6953125,-0.26953125,1.4921875,-0.96484375,-0.1630859375,-0.0390625,-1.1015625,1.515625,0.76953125,2.15625,0.58984375,-1.1484375,0.181640625,0.294921875,-0.4140625,1.3125,-0.9296875,1.0234375,-1.5,0.8671875,0.197265625,-3.28125,-0.078125,0.390625,-1.515625,3.46875,-3.6875,1.75,-3.765625,2.28125,-2.84375,-2.578125,-1.59375,0.416015625,0.7734375,-2.4375,-2.328125,-1.671875,1.328125,-3.984375,-1.4609375,0.765625,-3.296875,0.0087890625,0.181640625,-0.7578125,-0.38671875,1.453125,0.0009765625,-3.390625,-0.119140625,14.0625,-1.546875,0.6875,1.859375,-2.40625,1.5078125,-0.69140625,3.53125,0.328125,-1.09375,1.0078125,-1.3515625,1.03125,0.1337890625,-0.2890625,-0.03125,0.9921875,-0.8671875,-0.5390625,-4.1875,-1.2890625,-0.82421875,0.984375,-1.0703125,-0.24609375,2.84375,0.96875,0.6484375,3.265625,3.203125,-0.10546875,-7.75,-4.9375,4.1875,0.98046875,1.0,-7.78125,-1.390625,-0.314453125,1.15625,-2.875,0.87890625,-0.3359375,-1.34375,2.34375,4.5625,-0.24609375,-1.6484375,-0.0625,-1.34375,0.6640625,-0.03515625,0.44140625,-0.359375,-21.75,-0.51171875,3.171875,2.296875,-2.796875,-3.59375,-0.015625,1.65625,-4.4375,0.16015625,0.53125,3.28125,1.1015625,-1.375,-1.796875,-2.96875,0.294921875,-1.5078125,3.109375,-0.80859375,1.0703125,-2.859375,-0.8359375,0.6640625,0.7734375,-0.15625,-1.0546875,-0.10107421875,-0.62109375,1.875,0.546875,-0.61328125,-1.3046875,-0.625,1.0078125,0.482421875,-0.91015625,-1.546875,3.96875,-1.375,-0.27734375,-2.640625,0.08984375,-0.34375,1.1953125,-1.734375,-0.33203125,-1.78125,-3.28125,-0.291015625,-0.130859375,-1.296875,-0.47265625,0.0,-0.93359375,-1.96875,0.59375,-1.0625,1.890625,-0.466796875,-0.42578125,1.53125,-1.203125,-0.97265625,-3.0,-0.3203125,-0.4140625,2.546875,-1.640625,-1.7109375,1.375,2.25,1.8828125,-7.59375,3.203125,-1.5078125,0.451171875,-2.09375,-0.859375,-0.65234375,-0.53125,-3.453125,0.3515625,0.9609375,-0.94921875,0.2109375,0.6484375,1.828125,-1.921875,0.072265625,0.28125,0.453125,0.65625,-1.7109375,-2.140625,-0.091796875,1.59375,0.703125,3.609375,-0.30859375,1.875,1.875,-0.19140625,-0.84375,1.171875,0.96484375,-0.828125,1.2578125,-1.390625,-0.43359375,-0.265625,-0.765625,1.4453125,0.4140625,-5.0625,0.4140625,-2.859375,0.515625,-0.39453125,1.9609375,0.9296875,-2.78125,2.390625,0.8515625,-1.703125,-4.1875,1.640625,-0.39453125,-1.671875,0.2421875,2.53125,-0.15625,-0.7421875,-2.234375,-0.66796875,6.21875,-1.53125,2.578125,0.2412109375,2.453125,-1.8125,-0.83984375,0.01220703125,3.046875,-4.625,-0.390625,0.408203125,0.1201171875,0.6484375,1.296875,0.5859375,0.1171875,-1.6015625,1.75,2.84375,-1.171875,-0.49609375,-1.6796875,-0.44140625,1.640625,0.240234375,0.283203125,-14.6875,0.7890625,-1.4296875,1.9140625,-1.6484375,-7.375,0.130859375,-1.234375,0.828125,-6.21875,0.86328125,1.6875,-0.734375,1.5,-2.5625,-0.013671875,4.125,-0.1982421875,-1.6875,1.5625,-1.2578125,2.046875,0.98046875,2.0625,1.5625,0.3359375,0.26953125,-1.25,0.4453125,1.7265625,-0.6328125,-2.3125,-1.671875,0.03515625,-0.51171875,-0.8828125,-0.953125,-1.1875,3.65625,0.9140625,1.09375,-0.921875,-0.07421875,4.1875,4.375,1.28125,0.203125,1.0390625,1.15625,-1.4453125,0.39453125,-1.9921875,1.515625,-3.203125,2.109375,-1.8125,2.25,0.1259765625,-2.296875,0.91796875,1.28125,-3.953125,0.6953125,0.296875,-2.65625,-0.5390625,1.546875,-0.3359375,3.8125,1.515625,3.296875,1.0625,-0.328125,-0.142578125,-1.046875,0.828125,-1.46875,-0.107421875,-1.25,3.46875,1.875,0.05859375,-0.31640625,-0.443359375,-1.2109375,0.28125,1.6484375,-1.46875,1.390625,-1.5625,0.39453125,-4.0,0.7265625,-0.416015625,0.4921875,-2.59375,-5.9375,0.1328125,-0.953125,-1.625,0.5234375,-1.1328125,-0.0546875,-3.328125,-1.8046875,-2.671875,10.9375,1.671875,-0.173828125,-0.73046875,-0.470703125,-5.21875,-0.435546875,-0.96484375,-1.71875,1.0625,-2.46875,0.51171875,-0.9140625,0.84375,0.1171875,0.546875,-0.5234375,1.828125,2.90625,1.5703125,-2.125,-0.125,1.3515625,-0.69921875,2.28125,2.015625,1.3046875,-0.326171875,-4.625,-1.734375,2.5,-0.0078125,1.65625,1.140625,0.92578125,4.53125,0.671875,-0.7734375,1.109375,-0.484375,-0.49609375,-0.7265625,-9.75,-12.25,0.78125,-1.8203125,0.23046875,-0.765625,1.1875,-2.375,-0.458984375,0.5390625,1.8125,0.65234375,1.9921875,-1.125,-2.375,0.93359375,-5.71875,-1.703125,-1.46875,3.140625,2.140625,3.296875,0.85546875,-4.34375,-0.76953125,-2.609375,-0.333984375,-1.625,-2.515625,3.359375,-2.53125,-0.828125,1.109375,2.21875,2.125,3.0,-0.337890625,-0.55078125,1.6875,0.546875,0.53125,0.1875,1.359375,1.203125,0.16796875,1.234375,-1.984375,2.6875,1.765625,-1.7578125,-0.154296875,0.109375,2.4375,-0.111328125,-1.25,1.671875,4.4375,-2.984375,-2.6875,4.25,-0.060546875,-1.4453125,-1.453125,0.36328125,-0.005859375,-2.90625,0.515625,-0.88671875,-1.90625,0.3125,-1.7265625,-0.58984375,-0.25390625,0.271484375,0.2431640625,-16.875,3.734375,0.2890625,3.703125,2.234375,-0.466796875,-1.703125,1.265625,2.046875,-0.84765625,2.8125,-1.3125,-9.3125,2.8125,3.40625,-0.71875,2.078125,1.828125,-2.28125,-0.87890625,-3.15625,-2.5625,1.2890625,-3.5,-2.5,1.21875,2.84375,0.9921875,0.6328125,-1.375,-1.96875,-0.337890625,0.8828125,1.5703125,1.3671875,10.625,-4.375,-3.625,-0.99609375,0.58984375,0.96875,-0.2265625,-0.43359375,-2.390625,-1.0390625,-1.5625,-0.54296875,-1.375,-0.3046875,-0.15625,1.171875,-1.1875,-2.03125,-0.265625,1.5625,-1.6640625,-1.4921875,9.3125,-0.17578125,-0.1943359375,2.234375,0.1953125,0.2490234375,1.5,-2.0625,-0.546875,0.37109375,1.3046875,1.09375,0.8125,-0.9765625,0.8984375,1.9453125,-1.09375,-1.6015625,1.4375,2.390625,-0.8828125,2.890625,-0.64453125,-1.921875,0.84765625,-3.296875,-0.6015625,0.31640625,-1.96875,-1.4375,0.03125,5.09375,-1.34375,2.71875,0.76953125,-1.3125,0.6171875,1.171875,-2.4375,4.3125,0.44921875,1.3203125,-0.6484375,-0.94140625,-2.703125,0.75,0.41015625,-0.53125,-1.7734375,0.10205078125,5.78125,1.0625,2.53125,2.3125,1.25,0.90625,-0.58984375,1.5234375,-0.8046875,-1.5546875,-2.046875,0.6484375,-4.3125,-1.4453125,-0.240234375,-0.875,1.78125,0.8359375,0.4765625,-2.515625,0.69921875,6.21875,2.734375,1.265625,-3.078125,0.3671875,1.2890625,0.22265625,1.046875,1.0625,-2.796875,-0.2890625,0.9609375,0.7421875,-3.046875,0.1328125,-0.087890625,0.3203125,-10.4375,1.0859375,0.244140625,-3.265625,1.984375,2.3125,-0.46484375,-2.125,-2.4375,1.5625,0.443359375,-0.9765625,0.859375,0.23828125,1.328125,0.8515625,2.25,11.8125,-9.1875,0.419921875,0.6484375,-0.16796875,-1.515625,8.5625,0.53515625,1.5390625,-2.09375,1.328125,-2.09375,-1.5390625,-0.78125,0.1455078125,0.01416015625,-2.65625,-0.52734375,-0.044921875,-1.078125,0.60546875,-1.0390625,-0.92578125,0.02734375,-1.2890625,1.5390625,-7.0625,-0.83984375,1.03125,-4.09375,1.6015625,1.6640625,0.212890625,0.67578125,1.109375,-1.3046875,1.3984375,0.015625,3.03125,2.140625,-0.22265625,-1.1328125,1.859375,-0.265625,1.328125,-0.037109375,-3.609375,-4.28125,0.6328125,0.40625,2.40625,3.125,-1.625,1.4375,1.03125,1.625,2.859375,-3.078125,0.8828125,-0.94921875,-0.318359375,2.3125,4.15625,-1.8125,2.25,1.65625,-3.640625,-1.078125,-2.75,-2.578125,-0.78125,4.34375,-0.94921875,-2.21875,0.921875,-1.234375,0.7109375,1.640625,-2.484375,1.4140625,-0.71875,-0.87890625,0.53515625,-3.1875,-2.375,4.25,-3.484375,0.1796875,5.125,1.015625,-0.6015625,0.1552734375,0.69921875,-1.5,-1.59375,3.765625,-1.5859375,-0.7890625,4.9375,3.0,2.765625,-4.625,0.1484375,-0.5234375,1.984375,-2.84375,-1.8828125,0.91796875,-10.9375,2.0625,0.12109375,-1.6015625,-0.5,0.86328125,4.125,-0.09912109375,1.40625,-2.953125,-3.078125,0.8359375,0.80859375,-1.796875,-1.6953125,0.34375,0.41796875,0.37109375,-0.5546875,-0.09765625,-1.4921875,-1.359375,2.171875,1.375,-0.8515625,-3.46875,0.69921875,0.5859375,5.1875,0.51171875,0.4140625,-1.75,-0.3046875,1.0234375,0.61328125,-2.53125,-0.46875,0.142578125,-0.96484375,-2.90625,1.515625,0.578125,3.53125,0.71484375,-0.7265625,0.8515625,5.15625,-0.1328125,2.140625,2.34375,0.53515625,0.12890625,-0.7109375,1.484375,2.625,-4.84375,-1.890625,0.59375,2.1875,-0.75,2.46875,3.234375,2.921875,2.46875,0.0859375,-0.6328125,-1.953125,-0.078125,0.73828125,1.4921875,2.09375,0.87109375,2.125,-1.171875,-2.203125,0.9140625,0.96875,-0.5859375,0.6640625,1.3125,-0.18359375,-0.828125,-1.25,-2.6875,2.125,0.39453125,0.3203125,-1.515625,-2.828125,-1.2734375,1.046875,-1.15625,-0.13671875,-0.69140625,-0.021484375,0.40625,-1.46875,-0.484375,-0.0986328125,-1.5234375,-1.265625,2.0,-0.140625,0.416015625,-0.80859375,-1.234375,0.365234375,-0.8828125,-0.97265625,1.078125,0.78515625,-1.4375,0.24609375,7.125,1.6328125,0.41796875,0.1982421875,1.78125,0.98828125,-0.19921875,-1.34375,1.7265625,-0.12109375,-3.34375,0.020751953125,-5.46875,-0.85546875,-2.125,0.3046875,-0.40625,0.94140625,-5.5,-1.8125,-1.921875,1.4375,-1.578125,-0.4453125,-0.1484375,2.3125,1.625,-1.1171875,0.76953125,0.80078125,1.859375,-7.28125,12.9375,-0.1171875,4.4375,-3.515625,0.5546875,1.234375,-0.7421875,3.0625,-0.515625,-0.5625,0.0546875,-3.546875,0.47265625,1.21875,0.5390625,2.421875,1.859375,-0.41796875,-1.9609375,-0.6484375,-2.34375,0.109375,0.404296875,0.306640625,-0.765625,2.796875,0.439453125,0.03515625,-1.421875,-0.5859375,-3.03125,0.26171875,-5.46875,-2.28125,0.51171875,1.734375,1.890625,-2.1875,2.40625,-6.59375,0.0,-0.63671875,1.8984375,-0.318359375,13.625,-2.5,0.984375,-0.1796875,1.921875,-0.5703125,2.21875,-0.2890625,-0.294921875,-0.7890625,1.734375,0.5703125,-0.74609375,-0.314453125,-1.4453125,0.20703125,0.041015625,-1.3984375,7.96875,1.375,-0.42578125,0.001953125,5.46875,-2.859375,0.033203125,-1.4140625,-0.98828125,0.80078125,3.5625,-2.21875,1.71875,0.0205078125,1.6640625,2.375,-1.21875,0.56640625,2.40625,-0.32421875,-3.296875,1.4296875,-5.0625,-0.5078125,0.66015625,0.921875,4.96875,-2.140625,3.375,-1.125,-0.515625,-0.9453125,0.73828125,2.109375,-0.78125,1.1484375,0.15625,-3.734375,1.515625,-0.1328125,0.79296875,1.96875,-3.8125,-0.0078125,5.21875,-1.40625,0.75,5.21875,-1.984375,0.34375,-1.7890625,1.6875,1.90625,5.28125,2.5625,-0.0213623046875,1.28125,-0.0126953125,-0.62109375,-0.4140625,-0.8828125,-0.369140625,1.8671875,2.375,-3.234375,1.0859375,0.140625,-6.96875,-0.083984375,-0.9140625,-1.5234375,-2.5625,1.5703125,0.68359375,-1.828125,1.171875,-2.296875,3.640625,-0.859375,-0.7890625,-1.515625,1.40625,1.890625,0.328125,-24.25,-0.34765625,-2.203125,0.34765625,1.71875,2.9375,-1.328125,1.453125,-0.91015625,-2.0625,1.90625,1.7265625,2.421875,3.109375,-4.65625,-0.8515625,1.96875,2.140625,1.46875,-1.625,0.6171875,-0.59765625,2.9375,-0.020263671875,-1.34375,-2.03125,-0.84375,0.2109375,-0.01171875,0.1142578125,-0.9609375,-0.55859375,0.1337890625,-1.171875,1.984375,0.083984375,1.7109375,0.1591796875,-0.5703125,-1.0390625,-0.68359375,-2.765625,-10.125,0.03515625,-1.3828125,1.390625,-1.9609375,-1.203125,-0.796875,-0.15234375,2.09375,-0.94921875,2.0625,-0.6796875,-1.3828125,3.171875,-0.57421875,0.087890625,1.859375,-0.1171875,-3.5625,0.322265625,-0.443359375,1.8359375,0.6640625,1.3359375,1.53125,1.015625,1.7421875,0.482421875,0.134765625,-2.21875,5.21875,-0.375,0.7734375,0.92578125,2.15625,0.73046875,-1.3828125,-0.30859375,-2.3125,-0.10791015625,-0.47265625,1.109375,0.81640625,-0.52734375,0.412109375,-1.609375,0.369140625,-2.6875,0.58984375,-2.53125,-1.9375,0.578125,0.10546875,0.75,0.2578125,-0.65625,0.404296875,1.9453125,-1.359375,0.9765625,-3.421875,0.13671875,-3.109375,1.8359375,-0.02734375,1.65625,-0.29296875,0.400390625,1.5625,0.054443359375,-2.390625,-0.875,0.2890625,-1.171875,2.625,-0.224609375,-2.1875,3.125,0.150390625,0.373046875,-0.3359375,-0.265625,-0.3984375,0.94140625,-0.390625,-0.359375,1.125,0.0234375,-1.125,0.58984375,-1.6640625,-2.125,-4.09375,2.859375,-0.92578125,0.6875,1.8125,-2.046875,2.71875,1.1484375,0.390625,4.71875,-3.125,-0.890625,-0.310546875,-1.03125,-0.294921875,1.359375,0.369140625,0.421875,1.53125,5.125,2.421875,0.51171875,-1.4609375,1.6796875,-0.25390625,1.2578125,0.828125,0.19140625,1.1171875,-0.16015625,2.390625,0.1669921875,1.828125,2.609375,1.2421875,-0.125,0.71875,-0.4609375,-0.404296875,0.31640625,-3.0,-1.71875,-0.859375,-0.84375,0.294921875,-0.01171875,3.78125,3.3125,0.6015625,-54.75,-1.046875,0.498046875,-1.3828125,-4.125,-0.8203125,-1.015625,-0.150390625,2.09375,-4.3125,-0.99609375,-1.75,-1.1171875,0.408203125,-2.65625,-0.78515625,-2.40625,-0.62109375,0.318359375,-2.640625,-2.984375,1.171875,0.25390625,0.77734375,-4.53125,-2.953125,0.3671875,1.21875,12.375,-5.8125,-0.23828125,1.609375,2.34375,1.828125,0.61328125,-1.734375,-2.3125,0.734375,-1.6796875,1.265625,-7.9375,-1.953125,1.046875,2.734375,-5.375,0.65625,5.6875,0.04296875,-0.09765625,-1.3125,0.7734375,5.65625,1.3046875,2.21875,1.046875,1.8515625,0.6953125,0.0625,-1.4765625,-1.6015625,1.78125,0.984375,0.330078125,0.98046875,-0.921875,0.2294921875,-0.2421875,2.1875,-0.091796875,-3.5625,-0.40625,0.173828125,-2.375,0.40234375,0.197265625,2.46875,-1.5078125,1.34375,0.44921875,3.1875,-0.296875,-1.5703125,-0.23828125,0.71875,-3.6875,-0.25390625,-1.5,-0.05078125,-0.48828125,-0.10546875,-1.4296875,-0.15234375,-0.9765625,-1.828125,0.45703125,-2.09375,-4.28125,1.75,-0.359375,1.5859375,-3.59375,0.8203125,1.625,1.5,2.15625,-2.8125,-0.796875,2.640625,-0.043212890625,0.1328125,1.4453125,0.42578125,-2.203125,1.890625,-0.41796875,2.484375,-1.234375,-2.53125,1.5,-0.828125,-1.875,0.6171875,0.40625,-1.375,-1.109375,-0.283203125,4.125,-2.203125,2.609375,-0.453125,0.6328125,-3.109375,-1.4296875,3.265625,-2.25,-1.71875,0.2265625,-0.052734375,-1.2265625,3.3125,-0.8203125,-0.76953125,8.25,-0.46484375,-1.546875,-1.8125,-1.5546875,0.55859375,1.203125,-1.2265625,-0.796875,-1.6875,2.953125,1.1328125,-2.59375,-0.71875,-0.703125,-3.0,-2.484375,-3.34375,-2.484375,1.890625,2.25,-1.015625,-0.02734375,-0.7109375,-1.984375,1.3984375,-0.421875,-0.103515625,3.609375,2.4375,-0.37109375,1.1875,-0.298828125,-0.09814453125,-0.453125,0.0732421875,0.0,-1.0625,-0.5390625,2.265625,0.765625,1.2109375,1.46875,0.10107421875,0.3203125,0.43359375,-0.88671875,3.96875,0.546875,-0.41796875,-1.3984375,-0.1796875,-0.98046875,-0.6953125,0.34375,-6.09375,0.41796875,0.0859375,-4.5,0.50390625,-1.1875,0.078125,-1.734375,7.59375,-1.0546875,-1.703125,20.5,-0.6328125,1.0546875,-0.283203125,-0.11328125,0.60546875,-1.703125,1.90625,0.9765625,2.71875,1.4921875,1.546875,-1.1875,-0.98046875,-0.17578125,0.45703125,0.388671875,-3.0625,-0.79296875,3.265625,0.00390625,-0.3671875,0.75,-1.5546875,-1.171875,1.9375,7.625,0.91015625,0.17578125,-3.046875,2.03125,-3.09375,-0.5703125,-0.3359375,1.4453125,0.001953125,-0.224609375,-7.875,0.46875,-2.625,3.578125,2.09375,-3.8125,-1.1875,-0.9140625,-1.71875,-0.81640625,0.92578125,0.875,-2.8125,-0.359375,5.3125,0.10546875,-2.9375,1.828125,0.640625,1.1328125,0.1181640625,2.15625,0.22265625,2.84375,2.3125,0.03515625,-1.4375,3.578125,-1.5,1.484375,-2.015625,0.8046875,-0.21484375,-0.64453125,-0.341796875,1.6484375,0.244140625,9.0625,1.0703125,-1.2578125,1.328125,-1.0546875,-0.515625,0.52734375,-3.65625,-1.9375,5.40625,0.375,-1.078125,-0.423828125,2.453125,-0.9453125,7.625,-1.1875,-0.87890625,3.3125,3.46875,5.6875,1.828125,0.251953125,-0.47265625,0.087890625,-0.984375,0.60546875,-0.10546875,-0.171875,-1.75,-1.2421875,-0.6640625,-0.34375,0.53515625,2.53125,-1.6796875,5.71875,-0.921875,-0.50390625,-3.40625,-1.2890625,3.15625,-3.40625,-0.4453125,-1.7421875,2.671875,0.5390625,0.49609375,0.60546875,0.875,0.21484375,1.90625,2.375,-4.03125,-0.859375,4.6875,-1.9375,-0.58984375,1.109375,-0.2734375,-1.140625,-0.6171875,3.484375,-1.2734375,0.98046875,0.3203125,0.51171875,2.375,-0.58984375,-5.78125,-3.375,-0.96875,2.0,-1.640625,-1.921875,2.234375,0.220703125,1.078125,2.8125,-0.23046875,4.75,0.6484375,0.046875,-0.8515625,3.28125,0.671875,0.90234375,-14.875,-1.046875,-0.103515625,1.515625,0.078125,-4.8125,3.453125,-7.53125,-2.96875,0.240234375,1.421875,0.8125,-0.109375,0.96875,-0.333984375,6.6875,-0.890625,1.734375,-2.484375,-0.43359375,0.1806640625,1.09375,-0.609375,0.078125,-0.1142578125,0.0126953125,0.78125,-2.265625,-1.2578125,0.3671875,-1.3671875,-0.341796875,0.078125,-2.5,1.578125,1.0625,2.28125,0.255859375,1.671875,-11.8125,-0.01953125,0.86328125,1.6015625,1.0859375,0.453125,-0.01171875,-5.625,6.8125,1.59375,-2.25,-6.0,-3.5,-0.33203125,1.4921875,0.8984375,-0.6328125,5.46875,1.65625,1.2890625,0.40234375,7.875,0.13671875,-0.3515625,-2.453125,-1.4375,1.328125,0.875,-0.5859375,15.5,1.2265625,1.015625,-0.0166015625,5.9375,-1.15625,-3.484375,0.96875,0.6640625,-1.703125,-0.66796875,-3.609375,-0.3046875,1.484375,0.4453125,0.404296875,3.265625,-0.734375,-0.7890625,0.5234375,0.93359375,2.796875,1.78125,0.048828125,-1.796875,-1.0625,-0.6640625,-1.3984375,1.3984375,-0.39453125,-0.3515625,7.625,-2.25,0.9375,-0.609375,0.11328125,-1.296875,-0.216796875,-0.59375,-4.625,1.125,2.296875,-1.34375,-1.96875,-0.96875,-0.640625,-2.15625,1.15625,-0.59375,-0.265625,-0.185546875,-1.9375,0.060546875,0.03173828125,1.0625,-0.140625,1.5859375,-0.091796875,1.8359375,-8.5625,0.59375,1.4765625,-0.8984375,-3.375,0.03125,-3.859375,0.6875,0.251953125,-0.6796875,-1.046875,-1.578125,1.21875,0.6171875,0.640625,-1.859375,-1.5,-0.57421875,-1.34375,1.359375,4.28125,-1.296875,-0.7734375,3.203125,0.765625,-2.609375,20.125,-0.65234375,1.2421875,12.3125,0.498046875,0.0966796875,0.61328125,-2.5,1.59375,-2.921875,1.5625,3.09375,-1.296875,1.0625,0.048828125,0.6484375,-1.2578125,-0.8828125,1.609375,-0.390625,0.89453125,3.5,-0.78125,0.0068359375,-4.09375,-1.421875,-0.0181884765625,-0.69921875,2.015625,0.400390625,2.640625,-1.84375,-0.88671875,-0.71875,0.44140625,1.953125,0.8671875,0.8203125,1.5703125,-2.3125,6.625,-0.01953125,-0.84765625,0.8125,1.6953125,-0.53125,-2.3125,-0.79296875,-1.125,-2.140625,1.34375,-1.25,1.875,-0.171875,1.953125,2.9375,0.5703125,-1.828125,0.388671875,-0.7890625,0.703125,0.04296875,1.5390625,-0.228515625,0.8515625,-0.30078125,0.77734375,-1.421875,2.421875,1.2265625,-3.25,0.470703125,-1.078125,2.875,4.125,-0.04296875,-0.640625,2.6875,0.001953125,-4.75,-7.15625,1.5078125,-3.078125,1.84375,2.5625,-1.78125,0.0390625,-8.875,-0.37109375,23.0,1.296875,0.5,9.0,-0.90625,-0.96875,-0.8515625,3.875,-4.8125,2.84375,6.875,0.2578125,6.875,0.5546875,-1.2109375,-2.234375,1.7734375,-2.4375,2.234375,-0.111328125,-0.859375,12.8125,2.90625,4.65625,1.453125,3.0625,-3.28125,-2.890625,-0.609375,-3.671875,-3.921875,-2.90625,-1.078125,0.265625,-0.83203125,-1.0546875,-1.1015625,-0.8046875,-1.140625,-1.96875,1.328125,0.453125,-2.765625,-3.453125,2.546875,-1.390625,0.609375,-0.5703125,2.015625,0.796875,-2.515625,-0.6171875,-1.453125,-0.26171875,-0.5078125,-117.0,0.0546875,-1.2109375,0.3828125,0.390625,1.0078125,-0.85546875,-3.109375,-3.375,-2.875,2.375,-0.140625,0.11328125,0.291015625,-0.5703125,9.3125,-0.318359375,-0.30078125,1.46875,0.69921875,-2.59375,-0.9453125,-2.0,2.53125,1.953125,1.171875,-0.37890625,-0.953125,1.375,-0.890625,0.14453125,-1.3984375,-2.109375,-0.97265625,-2.453125,1.765625,5.3125,-0.234375,-1.8984375,-0.42578125,-0.09765625,-1.28125,1.1953125,-10.6875,2.109375,-4.96875,0.05078125,0.55859375,-1.40625,-1.90625,4.1875,0.4296875,-0.2119140625,-0.34765625,-5.25,-0.443359375,3.484375,0.9453125,6.6875,0.0078125,1.5859375,-3.46875,1.546875,-2.046875,1.328125,1.1875,-2.1875,-0.306640625,-3.75,-2.703125,3.796875,0.4296875,2.78125,1.046875,-0.671875,-0.58984375,0.3046875,-0.83984375,1.390625,0.97265625,0.0078125,0.490234375,2.828125,-0.71484375,0.8984375,1.8671875,1.34375,-0.138671875,-1.78125,-1.53125,2.796875,-5.09375,0.921875,-2.21875,3.515625,1.0546875,0.2353515625,4.03125,1.1484375,1.171875,1.140625,1.125,0.51953125,-0.494140625,-0.8828125,1.0234375,-0.2265625,-5.0,1.25,-5.25,-1.1328125,-0.013427734375,-1.203125,0.9609375,0.41015625,1.6875,-0.185546875,-0.248046875,-1.15625,-1.828125,-0.453125,0.9765625,-1.9140625,-1.078125,2.1875,-0.953125,-0.123046875,2.90625,0.09375,0.1982421875,-2.203125,-2.515625,6.46875,0.94921875,4.25,0.82421875,-2.5625,-2.890625,0.80078125,17.75,-0.375,-0.12109375,-2.625,0.625,0.98828125,1.078125,-1.640625,4.46875,-1.1328125,-3.09375,0.029296875,-2.875,-0.5625,0.44140625,0.98828125,-0.5625,0.1494140625,2.03125,0.1708984375,-1.578125,-1.8203125,-0.6328125,4.78125,2.84375,0.7265625,0.53515625,7.34375,11.0,-0.11181640625,0.28125,1.6171875,1.3671875,0.30078125,1.7890625,-2.109375,-0.291015625,0.5703125,-2.890625,-0.44921875,-0.6640625,1.109375,1.3984375,-6.03125,-2.71875,1.734375,-2.09375,0.41015625,-0.36328125,-5.0,-1.1796875,-2.265625,0.59375,6.46875,-1.6328125,3.828125,-0.8515625,0.5078125,-0.55078125,-0.142578125,0.6875,1.8515625,2.671875,1.234375,0.33203125,0.2451171875,-0.9140625,2.453125,6.53125,5.8125,0.921875,9.375,-0.3671875,0.314453125,1.3828125,-0.96875,1.6953125,1.265625,2.09375,1.7265625,0.78125,4.21875,2.3125,1.9609375,-0.30078125,-1.34375,2.3125,1.3203125,1.109375,0.76953125,-0.12109375,0.376953125,-2.140625,1.484375,2.859375,0.375,0.16796875,2.46875,-0.375,0.3515625,-0.162109375,-1.515625,-2.34375,-0.359375,-0.42578125,0.3984375,-2.6875,0.640625,0.3828125,-13.3125,1.2265625,-1.15625,-2.1875,1.0390625,0.310546875,-0.337890625,-0.6875,-0.078125,-2.21875,-0.359375,1.9921875,0.93359375,2.21875,-1.15625,-1.171875,0.38671875,-3.65625,0.1875,-0.36328125,0.474609375,-1.9375,3.546875,-4.1875,1.9375,-2.765625,-1.375,0.7265625,2.046875,-0.74609375,-0.55859375,2.96875,-0.23046875,-0.39453125,1.359375,1.1171875,-1.6015625,1.515625,-0.25390625,2.453125,-2.65625,-4.875,-0.1884765625,-0.625,0.90234375,0.83984375,-29.5,1.1875,1.28125,1.671875,1.25,0.6953125,1.125,0.1796875,-0.92578125,-0.06640625,-0.8359375,0.9140625,0.0703125,0.5078125,0.28125,-0.796875,-2.40625,-3.671875,-1.328125,-1.5625,0.486328125,0.6953125,-0.6015625,2.578125,3.03125,-2.34375,-2.78125,-0.265625,-4.75,3.015625,3.25,-1.0390625,0.609375,-0.2021484375,0.59375,-0.3515625,-1.578125,3.03125,2.453125,-1.953125,-0.6953125,1.625,0.40625,-1.953125,-2.25,-1.234375,-0.181640625,-0.578125,1.453125,0.734375,-0.298828125,2.453125,-1.296875,-3.03125,0.14453125,0.61328125,-0.45703125,3.0,2.125,-10.8125,2.5,4.8125,-0.1953125,2.765625,-0.81640625,-1.5234375,0.73828125,-1.3203125,-3.28125,0.07421875,-1.4140625,2.984375,3.046875,-2.4375,0.5859375,-0.7578125,1.25,0.5234375,0.54296875,0.6328125,-0.4453125,3.578125,-2.71875,0.7109375,-4.4375,4.78125,-1.7109375,-0.39453125,2.15625,-1.1875,2.28125,3.078125,0.55078125,-0.9921875,0.6796875,7.3125,0.890625,1.6484375,1.390625,-0.57421875,0.1923828125,-3.59375,-0.072265625,-2.03125,1.6953125,0.287109375,-0.3828125,-4.53125,0.36328125,0.08935546875,1.609375,1.390625,0.25,-2.875,-2.46875,-1.4296875,-0.1650390625,1.609375,1.3203125,0.23046875,1.078125,0.828125,3.046875,-1.109375,-2.125,-2.09375,-0.828125,0.2734375,2.875,2.28125,-7.71875,-0.515625,-1.4609375,-0.171875,-0.8671875,-1.0390625,0.138671875,0.23828125,-1.5625,-0.19921875,0.5625,0.4765625,0.33203125,1.078125,-3.3125,0.025390625,0.89453125,-2.5625,0.359375,1.8828125,0.71875,-1.1953125,-1.5859375,1.90625,-3.78125,0.40234375,1.03125,-0.765625,1.171875,1.7421875,-1.328125,-0.1484375,0.98046875,0.36328125,3.234375,3.125,-2.109375,-1.375,-0.9921875,2.34375,0.6796875,-0.2021484375,0.27734375,-0.48046875,0.314453125,1.671875,2.21875,3.265625,0.859375,0.52734375,-0.3515625,0.875,-1.5234375,-5.75,-6.9375,0.0224609375,1.1875,6.15625,1.890625,2.65625,0.625,0.33203125,1.46875,1.9453125,-8.1875,1.015625,-1.046875,-1.578125,-3.625,-1.5546875,-3.453125,1.390625,2.0625,-4.3125,-0.6875,-20.0,1.609375,-0.953125,1.0234375,-1.609375,-2.03125,1.046875,0.703125,0.65234375,-0.50390625,-4.8125,-1.203125,-3.4375,0.83984375,-1.9375,2.4375,-1.359375,1.21875,-2.453125,-1.8984375,-0.5859375,-0.12890625,1.515625,0.5703125,-0.359375,-4.21875,-0.828125,-1.75,-0.28515625,-3.1875,-7.75,-0.5859375,1.125,2.4375,-7.21875,4.75,-1.375,1.7265625,0.58984375,0.17578125,1.484375,0.248046875,1.6015625,1.75,1.4296875,6.53125,-0.0361328125,-1.1796875,0.296875,2.640625,-0.37890625,1.265625,-1.296875,0.125,2.265625,-2.453125,-0.275390625,0.75,1.3125,2.46875,1.484375,2.765625,11.8125,-1.0703125,1.375,-2.328125,0.65234375,-0.1953125,1.6953125,-0.125,-0.353515625,2.625,-0.96875,-0.484375,-0.45703125,-1.1328125,-1.140625,0.064453125,1.03125,0.6015625,0.8984375,1.2109375,1.78125,-3.28125,-0.109375,0.40234375,-5.28125,1.3359375,1.53125,1.0625,-3.328125,1.578125,-1.46875,1.4453125,-0.27734375,1.203125,0.5625,1.421875,2.75,0.1328125,0.32421875,0.78125,4.5625,5.9375,-1.984375,-2.625,2.125,-2.28125,2.1875,-1.7109375,1.34375,-0.359375,-2.109375,-2.421875,0.0576171875,-2.28125,3.375,-0.3203125,-1.40625,1.890625,0.15625,4.625,-1.0625,-1.859375,1.421875,-2.5,-0.263671875,0.48046875,0.328125,-2.140625,-8.625,-1.625,-1.4921875,2.03125,1.5,-1.7265625,-2.53125,-0.388671875,-0.5078125,1.40625,0.375,0.431640625,-0.65625,-0.1015625,0.28125,1.734375,-1.609375,0.41796875,1.171875,-0.6328125,1.5625,6.0625,1.0625,-4.75,1.3984375,2.0625,-0.7265625,-0.3359375,1.1015625,-1.140625,-0.3125,2.46875,1.96875,-3.40625,1.5078125,-0.46484375,0.671875,-0.0654296875,-0.015625,-0.875,1.2890625,2.0625,-1.71875,0.92578125,0.244140625,-0.251953125,1.734375,-1.8671875,-0.5078125,-0.3125,3.90625,9.25,4.46875,-0.470703125,-1.078125,0.5625,1.6875,0.54296875,-0.703125,-0.478515625,1.828125,-0.046875,1.234375,2.3125,-1.2109375,0.337890625,2.484375,-6.375,1.1171875,-0.7578125,4.0,0.0,-0.423828125,4.71875,0.9453125,-1.5234375,4.625,0.6171875,-1.34375,-2.125,1.625,-0.6015625,-4.03125,-2.21875,0.109375,-1.90625,-1.6875,1.8671875,-1.6953125,-2.875,-0.515625,-0.9921875,-1.6171875,-1.671875,0.8671875,-1.796875,2.6875,1.4296875,-1.609375,1.0,-1.453125,0.076171875,-0.8984375,-1.578125,-0.94921875,-0.5078125,-0.427734375,2.75,-6.4375,0.7734375,1.9765625,-1.515625,-0.34375,-4.90625,0.87890625,-0.150390625,7.59375,-1.90625,1.75,1.3828125,-4.65625,0.65234375,-0.5859375,-1.6875,-0.0546875,1.140625,0.1484375,11.25,1.125,3.390625,0.234375,-3.875,-3.25,3.265625,3.0,1.7578125,1.3359375,1.734375,-3.84375,-1.8515625,-0.55859375,-0.80859375,-2.375,1.65625,-0.765625,0.7578125,-1.0390625,1.671875,-4.15625,-1.6328125,-0.9375,3.421875,-1.4453125,0.482421875,1.4921875,1.359375,1.921875,-0.9453125,-1.8671875,1.671875,2.3125,-1.9296875,1.1640625,3.484375,2.703125,-2.03125,-2.890625,0.94921875,-2.9375,0.5078125,2.3125,0.1796875,-0.7265625,11.8125,1.234375,2.140625,4.5,1.5,3.484375,1.1796875,0.3125,1.5625,-2.65625,-1.484375,-1.8203125,-0.5859375,0.8984375,3.96875,-2.921875,3.125,-1.2734375,1.1796875,2.28125,-5.0,-1.4609375,-2.125,0.3359375,1.4921875,3.9375,-0.9375,-0.32421875,-4.28125,6.78125,0.2265625,0.3359375,-1.609375,1.0,0.427734375,-15.1875,-0.6328125,-1.484375,-1.0859375,-2.671875,-1.703125,1.7578125,2.984375,0.54296875,-0.123046875,0.16796875,-2.109375,2.203125,-1.40625,-0.2578125,-0.73046875,-0.064453125,-1.1171875,-4.34375,1.3828125,0.7109375,-2.53125,0.453125,-1.5546875,-2.203125,1.234375,15.125,0.8125,1.46875,-1.9453125,0.423828125,-1.7734375,0.57421875,-0.08203125,-1.375,-0.123046875,0.21875,-1.2890625,0.078125,3.8125,-2.03125,1.7265625,-0.8046875,-1.96875,0.45703125,-0.828125,1.171875,-1.0546875,0.2890625,2.4375,0.84765625,4.09375,-0.484375,0.375,5.0,1.890625,-3.890625,4.125,-0.70703125,-0.3359375,0.185546875,2.015625,-3.15625,2.234375,4.25,0.279296875,4.09375,-1.046875,0.875,0.78515625,-4.84375,-1.140625,0.609375,-0.431640625,-1.6796875,-0.7421875,0.5625,-2.1875,0.75390625,-2.46875,0.609375,3.625,7.59375,-0.12109375,-2.515625,-2.328125,-1.859375,1.34375,-2.015625,-12.625,-2.140625,3.03125,1.0625,-1.375,1.1484375,2.265625,-1.6640625,0.18359375,-1.2734375,0.482421875,0.70703125,-0.859375,-1.546875,1.4375,-0.109375,0.5859375,-0.13671875,-0.31640625,0.4921875,-1.2734375,1.15625,2.296875,-0.0859375,2.515625,0.455078125,-0.65625,1.1875,0.1796875,-0.150390625,1.234375,-2.8125,-2.34375,0.49609375,-5.4375,0.359375,-1.453125,1.4140625,-1.921875,2.3125,0.484375,1.625,-6.9375,0.6875,0.030517578125,-2.203125,1.234375,-0.080078125,-1.5234375,1.1015625,0.8203125,8.3125,0.6328125,-2.46875,-7.34375,1.625,0.46484375,0.134765625,-0.81640625,-5.9375,0.13671875,-2.875,0.9765625,1.859375,-0.7421875,3.234375,1.1015625,-0.8125,-0.859375,3.21875,1.5390625,-0.1240234375,-0.2421875,0.4296875,0.6640625,1.984375,0.4921875,1.921875,0.43359375,2.046875,0.7421875,1.84375,2.140625,-0.90234375,0.765625,4.0,-2.578125,1.7109375,-0.5078125,-1.375,0.259765625,-0.478515625,0.8203125,-5.65625,0.59375,0.6953125,-3.65625,2.625,3.5,4.03125,2.390625,0.123046875,-0.068359375,-1.0234375,0.15234375,0.009765625,-0.85546875,0.859375,3.015625,-4.78125,-0.240234375,0.640625,-1.234375,1.8046875,2.109375,-0.41796875,1.28125,-0.6796875,-0.4296875,6.78125,1.2265625,7.4375,4.15625,-0.515625,-2.65625,-1.03125,0.193359375,-0.291015625,1.078125,1.328125,-2.40625,-0.84765625,3.3125,1.2265625,2.21875,-1.984375,2.984375,0.90625,-1.0546875,-0.1435546875,0.30859375,0.09765625,0.76953125,1.0859375,1.4375,-2.640625,0.734375,0.703125,-0.125,-1.0078125,2.65625,3.5625,-1.625,-3.09375,3.453125,1.875,1.265625,0.65234375,1.4375,1.5078125,0.33984375,0.625,15.5625,1.53125,-1.578125,-0.1328125,0.56640625,2.59375,-1.0859375,-1.7265625,-7.9375,2.59375,1.453125,-1.203125,3.71875,-1.3359375,-3.359375,3.0625,-2.71875,1.5234375,1.59375,-1.84375,3.046875,-2.421875,0.640625,-0.8984375,0.5234375,-1.5546875,-0.921875,-0.3828125,0.7421875,-0.267578125,-0.015625,-1.484375,0.734375,-0.271484375,1.671875,-0.31640625,2.625,-0.59765625,-1.4921875,0.482421875,-2.9375,-3.65625,-2.8125,-0.60546875,-2.265625,-0.11328125,-1.28125,-0.734375,2.0625,0.5625,-0.7421875,-1.265625,0.9453125,0.134765625,-1.3828125,-1.015625,0.201171875,0.8359375,4.5,-5.25,0.60546875,-0.3984375,1.78125,1.1953125,4.09375,0.9921875,-0.228515625,-0.8203125,-1.296875,-5.5,2.5,-0.56640625,1.609375,0.30859375,0.052734375,-1.15625,-2.375,4.25,-0.06640625,-0.47265625,-4.25,-2.578125,-3.375,2.28125,-1.8125,0.89453125,0.2578125,-1.34375,0.2451171875,0.80859375,-1.0625,-2.09375,-0.515625,0.90625,-1.2734375,1.5859375,2.890625,2.40625,3.09375,1.5625,0.5,0.9375,-0.4453125,-0.125,0.18359375,0.23828125,2.171875,2.328125,-2.515625,0.453125,0.375,2.0625,2.28125,-0.75,1.078125,-1.578125,-0.41796875,1.5390625,3.078125,2.015625,-0.8359375,-0.609375,-0.251953125,0.1005859375,-0.35546875,-0.41796875,-1.0234375,11.375,-4.125,1.4296875,1.6875,-0.84375,4.1875,-0.23046875,-5.28125,0.96875,-0.9140625,-1.921875,-0.6015625,-0.47265625,-1.5625,3.90625,3.140625,1.125,0.69921875,0.244140625,0.0888671875,3.0625,-0.408203125,2.1875,-0.8828125,0.703125,3.671875,-0.51171875,-5.625,0.1953125,-32.25,2.390625,-1.390625,0.0947265625,0.484375,2.15625,4.9375,0.44140625,-1.5859375,-1.171875,-2.078125,-0.5234375,1.46875,-0.7734375,3.53125,2.59375,1.421875,-0.328125,2.4375,1.046875,4.78125,-0.326171875,4.0,-1.4296875,-2.296875,3.03125,0.625,-3.59375,-1.15625,1.6875,1.0546875,-2.875,-0.2080078125,-0.78515625,-1.7421875,-6.71875,-6.0625,0.3125,0.138671875,-0.9140625,-0.28125,1.875,-0.5703125,2.84375,-0.71484375,1.90625,1.671875,-2.28125,0.125,1.640625,-2.09375,-1.1875,2.875,-1.171875,-1.6171875,-2.40625,0.1650390625,1.90625,2.65625,-1.296875,1.8125,-0.18359375,-1.3515625,-1.671875,-1.640625,1.890625,-3.125,-11.5625,0.3359375,-0.0859375,0.375,-0.26171875,-0.052734375,0.384765625,5.78125,1.4765625,-3.34375,-0.31640625,-0.37890625,1.3515625,-2.375,1.7421875,1.53125,-1.7734375,0.1630859375,-0.46875,-0.072265625,1.6953125,-0.6796875,-2.265625,-0.65625,-0.8359375,-0.318359375,0.8828125,1.0859375,-1.5,-1.3515625,-0.7265625,-28.375,-18.0,3.140625,-1.6875,0.20703125,-1.21875,-0.5,0.8359375,-1.7890625,-1.484375,0.216796875,-0.162109375,3.046875,-2.03125,-1.875,1.4140625,-7.25,-0.65234375,3.328125,-0.15234375,-2.90625,-0.2578125,0.51171875,0.70703125,1.3359375,-0.94921875,-1.46875,4.03125,-1.5625,-0.52734375,0.27734375,-0.5,-1.796875,-0.14453125,2.234375,-0.796875,6.15625,0.87109375,-0.44921875,7.03125,0.41015625,3.46875,2.4375,1.109375,-1.328125,0.796875,3.59375,-2.125,-1.6484375,-0.04296875,-2.375,0.10546875,0.9375,0.76171875,-0.77734375,0.578125,-6.0,-6.84375,-2.03125,0.4375,5.40625,-0.6796875,0.453125,0.4453125,-0.455078125,0.63671875,2.765625,-3.71875,0.34375,1.0625,1.4765625,0.41796875,1.59375,0.9140625,-1.984375,-0.083984375,-0.8046875,0.373046875,-2.234375,-2.3125,-0.5859375,17.875,0.69921875,-1.546875,0.78125,0.94921875,0.296875,1.9375,-0.734375,-1.4375,-2.890625,0.63671875,-0.7265625,0.6796875,2.40625,0.6953125,0.30859375,0.96484375,2.078125,-2.828125,-0.056640625,0.55859375,-0.1689453125,-0.73046875,2.484375,-0.1484375,2.078125,-1.7265625,0.259765625,-3.125,-2.265625,0.625,-0.92578125,1.6484375,2.328125,0.87109375,-0.7265625,0.4609375,-2.234375,1.0390625,-2.234375,1.4375,2.375,-0.3046875,-1.0078125,-2.96875,-1.375,-3.3125,-0.97265625,-1.0234375,-0.2578125,1.1953125,1.671875,0.60546875,0.3203125,0.3984375,-4.0,0.224609375,0.3828125,-1.6015625,1.8046875,-2.359375,-1.1796875,1.3125,0.64453125,1.890625,-0.2890625,0.326171875,1.390625,1.921875,-0.109375,0.74609375,0.6484375,3.09375,0.921875,-0.244140625,-0.15234375,-0.2265625,-0.1845703125,-2.59375,1.765625,20.875,-0.5859375,-1.40625,0.3359375,0.609375,-2.921875,1.890625,1.734375,0.578125,0.52734375,-1.3125,0.408203125,2.109375,2.40625,-1.390625,-3.46875,2.328125,-2.359375,-1.2578125,0.9375,-1.140625,1.65625,1.2421875,-7.09375,0.7421875,-2.046875,2.71875,5.5625,-2.265625,7.5625,-1.15625,0.93359375,-0.0703125,0.25,-2.4375,-0.4765625,-0.6484375,3.15625,-2.828125,-2.09375,0.625,-2.578125,-0.404296875,-1.125,-0.91015625,-1.2421875,0.3046875,0.75390625,1.1171875,-2.15625,5.4375,-4.0625,0.71484375,0.7734375,1.9296875,-0.4921875,-1.3203125,-2.171875,-2.875,3.0,0.220703125,-0.51171875,6.25,1.125,-0.453125,-2.421875,0.296875,-0.337890625,2.125,0.171875,-0.216796875,1.40625,2.390625,2.140625,2.21875,-0.640625,-0.0078125,-2.125,112.0,1.703125,2.640625,0.57421875,-0.021484375,-0.1171875,-0.1201171875,2.375,-3.625,4.3125,-1.796875,-1.7109375,-0.484375,-0.107421875,4.625,-0.5703125,2.78125,1.515625,0.076171875,-2.5625,0.5390625,1.078125,-0.15625,-0.65625,3.375,-2.890625,2.140625,-0.6796875,0.65625,1.375,0.98046875,-0.62890625,1.015625,-0.265625,-0.6171875,0.3203125,2.625,-9.875,0.15234375,0.09375,3.296875,-0.0947265625,0.1484375,-0.55859375,-2.5,-1.4375,0.40625,0.318359375,0.09375,-0.78515625,-0.5625,3.1875,4.1875,-2.375,5.09375,-2.4375,-1.390625,2.109375,-1.5390625,0.82421875,-2.09375,-1.4375,0.54296875,-1.1640625,-0.0791015625,-1.21875,-1.578125,0.88671875,4.1875,13.375,1.296875,-0.04296875,3.578125,-0.80078125,-0.64453125,-1.8203125,-2.546875,0.396484375,1.2265625,-0.17578125,-0.42578125,-0.1875,4.5,0.7421875,8.0625,-1.8359375,8.25,-3.15625,2.125,0.6796875,1.6875,-2.03125,-0.31640625,1.421875,1.3828125,0.41015625,0.4375,4.21875,6.21875,-1.234375,-30.125,1.171875,0.53125,7.0625,-1.390625,0.10546875,1.59375,-1.28125,-1.5078125,1.9296875,4.8125,-4.46875,-1.3515625,-0.265625,-2.34375,0.2275390625,3.375,5.75,-2.234375,3.171875,-1.171875,1.0234375,-4.0,-0.296875,0.85546875,-1.4921875,-1.65625,-10.0,-0.1845703125,-1.015625,0.921875,-0.515625,0.828125,5.03125,0.953125,4.40625,1.6875,-2.484375,-1.734375,-2.03125,1.2265625,-0.30078125,2.609375,0.56640625,-4.71875,3.609375,-0.416015625,0.62890625,1.65625,3.265625,0.84765625,0.1259765625,1.7109375,0.046875,1.6875,-1.515625,-7.3125,-1.5234375,0.96484375,-1.65625,-0.5546875,1.75,0.259765625,-2.5,-2.6875,-1.5078125,3.84375,2.875,-0.09375,-0.8125,-0.255859375,-0.53125,-1.921875,-0.828125,1.390625,-0.7734375,0.3515625,-0.77734375,-5.4375,0.7109375,-0.384765625,0.58984375,-1.09375,1.0390625,-1.4296875,-0.1640625,-0.37890625,-1.2109375,-5.8125,-1.265625,0.2890625,-0.69921875,0.63671875,-1.6875,4.0625,1.734375,0.31640625,0.5,1.890625,2.34375,-1.1640625,0.6875,-0.359375,0.4453125,1.796875,-4.28125,-0.6875,2.546875,2.34375,0.625,-0.1015625,1.5625,1.375,1.3984375,2.5625,0.6875,1.109375,-0.83203125,-0.048828125,-7.8125,-0.15234375,-6.53125,-0.8984375,-1.9296875,-0.283203125,0.0029296875,-5.375,-0.1953125,-0.2421875,2.046875,-0.671875,-0.13671875,-0.8125,-0.12353515625,1.375,-0.212890625,1.453125,-0.10546875,0.1484375,0.283203125,-0.64453125,-1.3515625,-0.6015625,0.14453125,0.19140625,-0.8046875,0.171875,0.67578125,-1.9140625,-1.15625,-2.59375,1.21875,0.3125,0.9296875,-1.515625,0.498046875,0.041015625,0.216796875,0.5078125,0.8515625,-0.1533203125,-1.390625,0.412109375,-48.0,-1.5546875,0.703125,0.150390625,-0.5546875,-0.2265625,2.15625,-1.0390625,0.345703125,2.40625,2.09375,1.234375,-0.359375,-0.625,-0.609375,0.12890625,-1.0703125,1.5078125,-0.71875,1.9375,0.92578125,-0.2890625,1.515625,-0.306640625,-3.25,-0.2890625,0.984375,6.375,-1.390625,1.1015625,5.96875,-0.421875,-0.80078125,-0.15234375,-0.0155029296875,-1.1796875,-0.9296875,-0.85546875,2.03125,-1.890625,-1.0546875,-1.6015625,2.40625,1.2421875,-3.109375,2.78125,0.6328125,-1.5,2.40625,0.15234375,0.14453125,0.271484375,0.051025390625,-1.1171875,2.84375,10.6875,-5.125,2.921875,-1.28125,0.578125,-0.01953125,-1.7265625,-1.2265625,0.765625,13.1875,1.65625,-5.3125,0.4453125,2.28125,-2.3125,0.484375,3.3125,-1.359375,-0.482421875,-0.6875,1.28125,3.34375,-1.328125,-1.9453125,0.8125,2.53125,2.90625,0.38671875,-2.078125,-0.9609375,0.6796875,-7.625,3.4375,-0.478515625,-2.6875,-2.5625,-2.15625,1.234375,-3.78125,0.87890625,0.609375,0.6953125,0.58203125,-0.01953125,0.240234375,-1.4140625,3.09375,0.6953125,-1.46875,0.0,1.6640625,-0.6796875,-1.234375,-1.203125,3.0,1.546875,2.6875,3.953125,1.109375,0.388671875,0.2578125,1.4140625,0.703125,-1.4921875,2.09375,-1.75,0.16015625,-1.6015625,0.29296875,-0.09375,-0.6796875,0.51171875,1.171875,0.220703125,-0.046875,-1.5546875,2.875,0.7109375,-1.2265625,-0.4921875,0.005859375,0.54296875,-0.94140625,-1.359375,0.173828125,4.71875,0.4140625,-2.484375,-0.5546875,-0.134765625,1.5625,0.13671875,-1.8515625,-5.4375,0.08984375,1.15625,-1.25,2.625,10.4375,-0.28125,-0.30078125,0.671875,0.0625,-1.734375,-3.875,0.96875,-1.5234375,-0.376953125,0.037109375,0.91796875,3.0625,-1.671875,-1.703125,1.5078125,0.224609375,1.109375,-0.7734375,-0.6484375,0.94921875,-1.5625,-3.84375,0.52734375,-2.203125,3.03125,-2.953125,0.53125,7.34375
3,-0.2578125,0.3984375,0.0048828125,0.62890625,-3.34375,-0.90625,-1.6328125,1.28125,-1.078125,-6.09375,0.6328125,1.921875,-1.96875,-1.25,2.109375,4.375,2.640625,-0.515625,-1.421875,-5.1875,-0.23046875,-0.60546875,-2.0625,0.625,-3.71875,-0.60546875,-1.515625,1.6953125,11.75,1.3984375,0.609375,0.41796875,1.96875,0.4453125,1.203125,-0.078125,1.859375,-11.0,-13.6875,8.75,1.2265625,0.041015625,0.01171875,-1.7578125,0.9765625,-4.84375,-4.5,-0.828125,0.279296875,-1.328125,0.8203125,2.40625,0.474609375,-2.34375,20.875,0.890625,-0.97265625,-3.578125,-6.75,-0.90234375,1.2109375,0.455078125,0.9765625,-3.0625,-1.53125,0.625,8.5625,-0.94921875,0.01953125,-1.46875,-0.1064453125,9.0,31.0,3.078125,-7.59375,-2.765625,2.0625,-4.5,1.71875,3.625,0.3359375,0.330078125,0.796875,-2.03125,1.6640625,-3.59375,-0.8046875,1.421875,2.21875,1.3125,-8.1875,-1.6484375,-2.359375,-8.125,-2.546875,0.1572265625,-4.03125,-0.41015625,-2.15625,0.267578125,-0.39453125,1.546875,-4.5625,-3.375,4.5,-1.5,5.3125,-5.71875,3.0625,-1.109375,12.125,-1.0234375,2.6875,0.3359375,-0.140625,2.34375,-0.01953125,-3.734375,-4.09375,7.28125,-1.40625,-1.390625,-0.4140625,2.046875,3.53125,-2.6875,-1.09375,1.015625,1.34375,-1.421875,0.8359375,-0.4375,-3.125,1.109375,-1.5,0.3046875,2.953125,2.59375,1.46875,-2.875,1.15625,-0.15234375,1.3203125,-0.28125,-2.171875,0.03515625,2.078125,3.375,1.40625,0.984375,-0.40234375,-1.3984375,0.34765625,-1.828125,-4.21875,-1.375,-3.109375,5.0625,2.453125,0.5234375,-3.828125,0.703125,-1.1953125,-2.265625,-0.84375,0.171875,-0.15625,0.859375,-0.2734375,0.1328125,-0.1025390625,-1.375,4.1875,1.203125,3.296875,-0.2021484375,4.875,-0.7109375,3.59375,1.71875,-0.7109375,-2.203125,2.25,-0.5390625,1.6796875,-1.1875,2.25,-0.056884765625,-0.6875,-0.34765625,8.375,2.703125,1.203125,-1.40625,-0.39453125,1.53125,2.953125,-2.453125,1.5078125,-0.32421875,7.40625,-2.1875,1.8203125,-0.8203125,-3.171875,1.0234375,-1.0546875,-1.0703125,8.9375,2.46875,0.5546875,-1.546875,14.125,1.28125,1.4296875,0.0234375,-1.6875,-6.8125,0.9765625,-0.51171875,-0.392578125,0.56640625,-4.8125,0.35546875,-2.625,-7.90625,-3.8125,-1.734375,15.8125,-0.92578125,-6.21875,1.2890625,0.74609375,-9.5,-0.3046875,-0.734375,4.125,-1.890625,0.515625,-4.40625,-0.37109375,4.15625,-0.4453125,-1.796875,-2.9375,-0.310546875,0.9921875,1.2421875,1.53125,6.1875,-1.734375,4.34375,-0.59375,1.296875,-5.25,-0.54296875,4.15625,-1.765625,4.6875,2.671875,1.8828125,1.015625,-3.703125,-0.109375,-3.9375,-2.203125,1.078125,-3.65625,-0.451171875,-0.41015625,2.234375,-0.1796875,3.34375,-1.890625,1.3671875,1.9140625,3.40625,4.5,0.84375,0.71875,-2.09375,-0.6953125,-1.0703125,3.234375,-1.078125,-0.1796875,-2.5625,-4.15625,0.79296875,-1.8359375,-0.0859375,-1.0625,-2.8125,2.03125,0.4375,3.015625,3.15625,0.0068359375,-0.3671875,-1.765625,1.0078125,-0.10546875,0.369140625,4.0625,0.302734375,1.125,0.9609375,-2.15625,-1.03125,-4.375,-1.1171875,-0.29296875,1.3671875,-1.40625,0.734375,13.8125,-4.125,-2.96875,0.158203125,3.65625,0.5859375,4.46875,2.296875,-0.458984375,-1.59375,0.015625,1.5703125,-0.1640625,-8.1875,-4.78125,0.91796875,-0.734375,0.0390625,-0.228515625,-7.5,-0.6015625,-1.9921875,1.28125,0.86328125,0.423828125,0.8671875,2.25,3.9375,0.99609375,-1.3515625,0.62890625,-0.33203125,-1.8671875,3.21875,2.09375,-4.75,1.328125,-7.28125,-0.33203125,1.8203125,2.125,1.546875,1.2109375,-10.0,1.8671875,0.3671875,2.109375,1.265625,-1.328125,0.2109375,-0.80859375,1.2421875,7.09375,0.6953125,14.75,-0.671875,5.125,2.34375,-1.9453125,-2.375,2.53125,-0.69140625,1.3828125,1.40625,0.96484375,-1.5625,3.875,0.703125,2.625,0.734375,1.3984375,-0.6796875,0.490234375,5.25,1.328125,5.125,0.177734375,0.9609375,-1.625,0.0478515625,1.75,0.0830078125,-1.96875,-1.3046875,-1.46875,2.28125,2.625,-2.6875,6.1875,-0.0390625,0.5546875,0.51171875,0.73828125,-1.4375,0.3984375,-1.5234375,0.5703125,0.314453125,0.1513671875,0.34765625,27.125,1.484375,-1.578125,-0.89453125,0.515625,-0.12109375,-0.58984375,2.046875,0.125,0.07421875,-2.375,-0.64453125,1.6875,1.578125,-2.53125,0.3203125,-2.34375,7.9375,-3.296875,2.546875,1.25,0.470703125,1.828125,-1.8828125,-0.2392578125,-1.453125,1.6171875,2.96875,2.296875,-0.78125,2.65625,-0.6328125,1.046875,0.07421875,3.046875,3.765625,-0.4921875,-0.041015625,3.109375,-2.28125,-2.921875,-2.5625,-1.53125,5.3125,3.3125,3.96875,-2.484375,-1.34375,1.2109375,-1.9609375,-1.484375,-4.625,2.40625,-0.61328125,0.041015625,0.267578125,2.1875,-4.375,2.078125,-0.26953125,10.75,0.4765625,13.875,-1.1953125,0.3125,0.46484375,0.111328125,0.203125,-1.390625,0.94921875,-1.25,1.5625,0.2431640625,1.5625,-0.5,-0.4453125,-3.296875,1.0625,-0.3125,1.8984375,-1.1875,-2.75,0.8046875,0.54296875,-0.21875,-3.15625,2.4375,3.203125,0.44921875,-1.671875,1.34375,0.09765625,4.625,1.578125,-2.078125,0.671875,-2.953125,-1.875,-1.859375,1.4140625,1.9609375,5.9375,1.953125,1.15625,-2.40625,-1.4375,2.109375,2.625,2.515625,5.09375,-0.01171875,-0.03515625,-0.4609375,-1.59375,0.8671875,1.859375,-0.74609375,-1.625,1.5625,-3.015625,0.02734375,-1.125,-0.4375,-1.3125,1.1796875,0.31640625,2.234375,-1.25,-1.3671875,-1.2421875,2.3125,3.40625,0.3984375,2.0,3.78125,-2.0625,-1.7265625,0.26171875,0.90625,2.171875,-0.72265625,0.9296875,-0.4296875,0.162109375,1.3828125,1.25,0.48828125,-1.8125,-0.96484375,2.34375,-1.640625,1.328125,0.80078125,-1.53125,-0.26953125,0.765625,-2.078125,0.0625,1.9921875,-4.125,5.65625,4.4375,0.369140625,-7.53125,-0.09765625,-2.078125,-1.296875,-1.125,4.40625,-6.40625,0.58984375,1.015625,-1.4296875,-6.1875,5.125,-0.07421875,9.3125,-1.125,-0.734375,0.484375,0.341796875,2.6875,1.546875,-0.498046875,0.47265625,-1.1328125,4.625,0.0078125,2.515625,-0.7734375,3.140625,1.7265625,-0.5546875,-1.828125,1.40625,3.1875,0.328125,-0.953125,0.224609375,-3.03125,-1.234375,6.78125,-0.080078125,-0.1640625,-2.671875,6.09375,-3.921875,1.453125,-0.203125,0.6171875,0.6171875,0.05859375,1.0,-2.703125,0.984375,1.59375,1.9140625,4.3125,-2.15625,0.0126953125,2.5625,0.359375,-0.953125,0.81640625,0.1484375,0.39453125,0.90625,-0.94921875,1.484375,-5.78125,0.498046875,0.94921875,1.359375,2.484375,1.359375,3.625,1.3671875,1.0546875,2.171875,-1.765625,-2.1875,1.25,0.77734375,2.140625,1.484375,-0.6171875,-2.921875,-3.484375,1.03125,0.71875,-1.8125,1.8359375,3.25,6.53125,1.109375,1.21875,-2.1875,4.03125,1.8203125,-5.3125,1.453125,0.76171875,-3.015625,-0.4765625,-1.9296875,-1.46875,1.375,1.3203125,-4.65625,3.53125,2.40625,2.421875,-0.734375,-1.703125,1.515625,9.9375,-5.5625,1.28125,-46.5,-0.6953125,2.5625,4.3125,-3.15625,0.30078125,0.05859375,-1.5546875,3.015625,-0.50390625,-3.71875,1.25,-2.078125,1.40625,1.25,1.984375,0.12890625,-2.15625,3.75,5.34375,-0.15625,0.91015625,1.5,-0.154296875,-1.34375,-0.75390625,-0.5859375,-7.5,1.5546875,1.8984375,3.09375,-0.09375,0.46484375,2.21875,-1.078125,0.671875,-2.15625,-0.041015625,-3.359375,-0.1015625,-0.62109375,4.15625,-0.64453125,1.2109375,-0.01953125,-0.515625,-2.46875,-1.984375,0.314453125,-0.9453125,0.37890625,-1.09375,-1.453125,2.296875,-3.9375,-0.087890625,1.0,-0.271484375,-0.578125,4.6875,-4.40625,2.0,1.828125,0.76953125,0.45703125,7.28125,2.84375,-0.50390625,-0.115234375,0.51171875,-2.25,-1.890625,-0.59765625,-0.5546875,-1.625,-7.5,-0.12890625,-0.017578125,-1.203125,-4.25,1.234375,0.76953125,1.640625,-2.296875,1.2890625,1.515625,4.65625,-1.65625,1.0,-0.373046875,4.3125,-3.28125,-1.6015625,-3.03125,2.203125,-1.0859375,0.05517578125,2.90625,0.9140625,0.2109375,-1.3046875,4.15625,-5.65625,2.25,2.515625,-3.390625,-2.015625,1.5078125,-1.2265625,1.6796875,0.34765625,1.328125,-0.40625,1.03125,-8.625,-0.068359375,-1.6953125,0.8203125,-0.59375,-0.47265625,-0.00390625,5.34375,0.091796875,-1.328125,-1.625,-4.1875,-0.296875,-1.75,1.390625,13.25,-1.59375,-2.625,-0.4296875,0.11328125,1.2265625,-1.140625,-2.40625,-13.875,0.240234375,-0.66796875,-3.453125,-0.34375,0.126953125,1.84375,0.87890625,2.3125,-2.171875,0.6875,-7.71875,2.359375,-0.296875,1.9296875,-0.9140625,-3.75,0.1025390625,-2.984375,0.73046875,2.25,0.82421875,-0.65625,-12.25,-2.078125,-0.384765625,0.21484375,1.7109375,4.0625,5.6875,-0.291015625,1.5,-2.5625,1.2578125,1.0625,-1.78125,1.3671875,1.203125,0.44140625,-1.109375,-0.326171875,0.6484375,-0.11328125,-9.625,0.65234375,0.5234375,1.609375,0.89453125,0.322265625,2.65625,-1.203125,-3.140625,-0.0546875,-7.34375,-13.125,-0.22265625,-0.84765625,-0.3125,-3.109375,2.109375,14.875,-1.109375,2.5625,3.203125,-0.015625,-1.4296875,0.13671875,-1.34375,2.078125,2.84375,1.390625,-0.2890625,0.578125,2.265625,0.271484375,3.328125,4.84375,0.41015625,-16.25,2.4375,2.59375,-1.1953125,-0.5,2.53125,0.765625,2.140625,-2.40625,1.234375,0.7421875,-1.6171875,5.71875,-1.7578125,-1.28125,4.53125,1.3125,-1.71875,1.9375,-2.59375,1.703125,-1.28125,-1.15625,0.51953125,-1.046875,-3.15625,0.9375,2.84375,0.8671875,-1.6484375,2.6875,3.578125,-1.1171875,-0.546875,1.15625,0.484375,-2.71875,1.8359375,1.6328125,5.625,-0.306640625,0.53125,2.40625,0.8359375,2.703125,1.609375,-3.5625,0.1015625,-2.109375,1.171875,-5.625,-9.875,0.7578125,-0.6953125,-0.234375,1.4765625,-14.6875,2.984375,-0.390625,-0.59375,3.15625,10.4375,-2.4375,0.021484375,1.703125,-1.28125,0.6328125,1.5859375,-3.09375,2.4375,2.890625,-2.5625,1.0,-18.75,-0.28125,1.875,0.5859375,1.328125,-0.91015625,2.734375,2.71875,-0.7421875,-2.453125,-0.9609375,2.40625,11.25,1.390625,-3.90625,-11.0625,1.0,1.75,-0.05078125,-0.828125,1.3984375,-0.9921875,-2.40625,0.015625,2.84375,-1.0234375,-1.453125,4.59375,4.71875,-2.296875,-2.0,0.7578125,3.046875,1.9296875,0.6328125,-2.8125,-0.330078125,1.109375,0.62109375,0.318359375,0.32421875,14.75,1.7109375,-1.484375,0.265625,-2.125,2.8125,-1.671875,-0.421875,0.7578125,-18.625,0.3359375,-2.921875,1.109375,1.0546875,5.15625,-1.6875,4.34375,1.234375,-0.8828125,-0.8359375,10.8125,-0.25,2.875,-2.65625,0.1826171875,3.140625,0.1640625,-1.515625,-5.125,-0.1640625,5.3125,2.359375,-0.0341796875,3.875,0.8203125,-0.7265625,-0.515625,3.484375,1.0234375,-0.10546875,3.1875,-2.328125,3.15625,17.5,2.53125,0.34765625,-0.796875,1.9140625,-3.40625,1.2578125,4.875,-0.57421875,-2.15625,-0.9609375,0.51953125,-0.0390625,-1.5625,1.421875,-0.1015625,5.4375,-1.453125,2.03125,-2.28125,2.9375,-2.640625,-0.546875,-5.0625,0.322265625,0.6484375,-0.71484375,1.7109375,7.71875,-0.458984375,-1.234375,2.609375,0.12109375,1.3203125,4.21875,1.234375,-4.8125,-6.1875,0.9375,-1.6640625,-3.09375,-0.94921875,-2.875,1.671875,4.125,0.80078125,-2.71875,-1.0546875,1.453125,1.1171875,0.8359375,-7.34375,-0.23046875,-0.60546875,-4.75,-0.23046875,-0.84375,-0.01171875,1.3125,-0.06640625,22.25,1.484375,-0.1494140625,1.3671875,-0.53515625,-3.78125,1.3125,0.6953125,1.7265625,0.94140625,-1.25,-7.71875,-1.9453125,0.625,8.1875,0.98828125,2.859375,-0.5234375,-2.265625,-0.8671875,17.125,5.3125,0.62109375,-6.9375,-1.171875,-1.6171875,1.875,2.03125,-6.28125,-1.6015625,0.404296875,-1.5703125,-6.28125,-0.8515625,-2.296875,-1.1484375,1.203125,-1.75,1.203125,-0.15234375,-2.203125,0.36328125,0.546875,-0.515625,4.25,-0.65625,-0.3984375,2.0625,1.78125,0.93359375,-3.21875,-0.4921875,0.0234375,-1.1328125,1.671875,1.234375,-2.71875,-1.171875,-1.171875,-4.8125,-2.578125,6.90625,-0.44921875,1.1875,0.5390625,1.78125,2.34375,3.625,-2.546875,0.65625,-0.134765625,-1.6328125,1.09375,-1.140625,2.234375,2.46875,-0.21875,1.953125,-4.15625,-1.8828125,-1.796875,1.8046875,0.134765625,-1.015625,-1.8125,-1.7109375,-3.953125,-1.5390625,-1.4921875,-1.78125,-1.0703125,1.6015625,3.671875,-0.478515625,1.546875,-2.359375,1.125,-0.29296875,-2.15625,-2.578125,-0.734375,0.83203125,2.984375,-0.484375,-3.53125,4.875,0.90625,0.6328125,1.28125,0.921875,4.875,-0.58984375,1.0234375,-1.765625,-2.828125,1.21875,3.0,1.015625,0.3046875,2.203125,23.0,-2.96875,2.75,-1.859375,-0.94140625,-9.3125,1.203125,2.546875,-0.0947265625,-2.5,-0.890625,1.1015625,1.828125,0.08251953125,-0.25,2.609375,0.48828125,0.79296875,0.0703125,5.09375,1.328125,2.65625,0.6328125,0.328125,-2.0625,0.181640625,-4.59375,1.3125,0.1328125,-2.84375,-0.2890625,1.3359375,-5.28125,-0.7109375,-4.1875,4.0625,2.828125,-0.75,0.65625,1.0546875,-2.796875,1.8984375,-4.40625,3.28125,-1.703125,12.75,4.84375,0.32421875,-0.458984375,1.4453125,3.765625,1.4921875,-0.5625,-16.875,-20.125,-0.9453125,1.265625,-0.1015625,1.9765625,0.2890625,-3.5625,0.09375,-9.375,-2.03125,1.53125,1.46875,1.25,-2.921875,-0.021484375,-2.28125,-2.15625,-10.0625,-1.0546875,0.85546875,1.65625,0.51953125,-1.8125,-1.296875,-3.125,-0.46875,-4.0625,4.0,-0.93359375,3.109375,0.40234375,-0.1875,-2.203125,-2.421875,1.0546875,-1.75,-1.78125,3.359375,-3.609375,7.6875,-1.1875,0.328125,-1.90625,-1.84375,-1.90625,0.3203125,-1.0,3.5,3.484375,-0.4453125,0.6796875,-1.265625,-0.3046875,0.48828125,2.28125,3.375,-0.65625,-0.671875,-3.578125,-2.53125,-0.359375,-1.2734375,1.453125,-0.021484375,0.890625,0.1484375,-1.0859375,3.078125,0.6328125,1.609375,-0.25,0.8671875,-6.4375,-13.375,-0.0546875,0.115234375,0.357421875,0.11328125,-1.3671875,-0.0703125,-1.0390625,-4.6875,-0.8828125,0.15625,2.65625,2.34375,1.421875,-1.484375,-0.08349609375,-1.546875,1.609375,-1.1875,-1.328125,1.2109375,0.40234375,-1.0390625,1.578125,-0.515625,-1.015625,0.31640625,-0.21875,-1.140625,1.5,0.3203125,2.484375,-0.32421875,0.203125,0.609375,-1.4296875,-0.703125,-0.267578125,0.078125,0.40625,-2.15625,-5.625,2.3125,-3.5,-0.267578125,-1.15625,0.28125,0.6328125,1.1875,-0.671875,2.234375,-2.796875,-0.5703125,-0.58984375,1.34375,1.1640625,2.84375,-3.4375,-2.375,1.25,-0.2734375,6.0,3.0,-3.03125,-0.162109375,-0.328125,0.203125,-0.78515625,-1.203125,1.4296875,0.6875,-3.125,-15.1875,1.546875,-2.3125,1.5234375,1.453125,-1.90625,-0.31640625,4.6875,-0.2421875,0.79296875,0.46875,-0.203125,-2.3125,0.046875,-3.71875,-1.109375,2.1875,5.65625,-0.546875,-2.59375,5.875,-0.7578125,-17.75,-0.3359375,-0.47265625,-0.9296875,-13.9375,0.953125,-3.53125,0.6796875,0.302734375,-0.05859375,-0.734375,-3.234375,0.52734375,-1.484375,-2.125,2.8125,-0.296875,-2.71875,-2.21875,0.6328125,0.7109375,1.6484375,0.173828125,4.90625,-4.96875,1.78125,-0.9765625,1.0703125,0.0390625,-0.7890625,0.154296875,-0.8359375,1.140625,-1.421875,-3.21875,-2.6875,2.46875,-1.3828125,-1.3984375,-2.015625,0.033203125,0.396484375,-0.578125,-0.8203125,0.6796875,-2.84375,0.30859375,1.3125,-4.03125,-0.49609375,-6.125,1.8046875,-0.69921875,-6.96875,-1.7890625,1.25,-3.015625,1.609375,-0.91015625,0.875,-0.921875,-2.9375,-1.234375,-0.828125,-0.25,1.0546875,1.6328125,-2.125,-1.703125,-0.1015625,0.03369140625,-1.7265625,0.19921875,2.03125,-2.453125,-4.65625,-1.5,-0.828125,-1.40625,-3.609375,-0.546875,0.76171875,-4.71875,1.46875,-0.59375,1.75,-2.59375,-4.875,0.546875,-0.88671875,2.015625,-5.96875,1.859375,1.28125,1.109375,0.490234375,3.015625,1.609375,1.46875,1.953125,-1.7421875,9.6875,3.234375,-1.7265625,-2.484375,0.271484375,-16.125,-0.90234375,3.3125,-2.859375,9.25,-2.65625,-1.5390625,-0.1875,0.69140625,1.796875,1.78125,-1.6796875,-2.40625,0.5859375,1.7265625,1.046875,-2.78125,2.140625,0.984375,3.640625,0.00390625,0.04638671875,0.640625,-2.4375,-2.0625,-0.32421875,2.421875,-0.24609375,1.9140625,1.265625,0.4375,0.6796875,1.2265625,-1.984375,0.18359375,-1.46875,2.78125,-14.4375,-1.90625,5.375,-0.09375,0.734375,-0.05859375,-3.234375,-0.6015625,1.734375,-3.65625,-1.03125,1.0703125,1.0703125,-0.119140625,2.046875,-0.796875,-2.359375,24.75,2.265625,3.390625,1.921875,1.3046875,-7.25,0.9453125,4.0625,2.859375,-0.80078125,-1.125,0.07421875,-2.6875,0.2734375,1.0,-0.0234375,1.5703125,-1.8046875,0.07421875,-0.26953125,0.03125,0.77734375,-1.296875,-2.4375,1.265625,-1.140625,2.265625,-0.1123046875,-0.3984375,-2.984375,-0.51953125,10.125,6.65625,-3.296875,3.28125,-0.09765625,-1.546875,-1.8515625,-2.03125,1.4296875,-2.59375,0.85546875,-4.21875,-3.125,2.6875,0.6015625,0.453125,-1.2890625,4.1875,-1.4140625,-3.0625,-0.171875,2.65625,0.875,-1.1796875,-1.15625,-0.625,-1.078125,-2.03125,-2.78125,3.375,1.953125,1.1640625,2.65625,0.13671875,27.25,-0.71875,0.83984375,0.201171875,-4.09375,9.0625,2.25,4.53125,-0.4375,-0.1484375,2.9375,-1.0546875,-1.546875,-2.625,-4.625,-2.046875,0.28515625,2.515625,-8.9375,-1.9921875,0.53125,-0.34765625,0.046875,-2.34375,1.15625,-0.0546875,1.09375,0.65625,12.8125,-0.025390625,-19.75,-0.27734375,0.5234375,2.171875,0.21875,-0.61328125,-4.875,-1.9375,4.0625,1.234375,3.34375,-2.0625,-3.046875,-1.828125,1.046875,-2.25,0.7265625,11.625,9.875,0.890625,0.15625,0.60546875,0.984375,-1.5078125,-0.390625,2.109375,1.921875,-1.6640625,-0.279296875,2.8125,2.859375,8.8125,1.9765625,-4.21875,-0.984375,1.4921875,-1.1171875,0.42578125,1.53125,0.3515625,-0.83984375,3.5625,-0.271484375,7.625,-0.375,-2.359375,-1.5078125,-0.009765625,1.828125,-3.9375,2.15625,4.3125,-0.9140625,-0.9609375,-0.302734375,-2.0625,-1.140625,1.25,3.25,7.5625,1.1796875,-2.3125,-7.9375,-2.84375,2.734375,-0.35546875,2.21875,0.5703125,0.0703125,0.1982421875,3.96875,-2.4375,-0.640625,9.125,-8.875,-2.984375,2.28125,0.43359375,-0.65625,2.609375,0.8125,-0.2109375,-1.3046875,-0.00390625,1.671875,1.953125,0.024658203125,-0.80078125,0.251953125,4.46875,-2.4375,0.1796875,3.484375,2.265625,2.21875,-0.421875,1.1640625,0.82421875,0.11328125,4.125,-4.6875,-3.1875,-0.546875,22.25,1.375,-1.1796875,-0.7890625,-0.9609375,-3.90625,-1.1875,1.203125,0.0859375,1.609375,0.0390625,2.09375,-2.171875,-1.53125,-1.796875,2.4375,-4.09375,1.6640625,-1.53125,-1.640625,1.34375,0.9296875,-7.3125,-12.4375,0.5546875,-2.15625,1.6796875,2.46875,10.875,-0.9765625,2.46875,1.6640625,1.234375,-1.453125,-1.671875,2.09375,0.251953125,-1.3984375,-1.890625,0.0029296875,-0.46484375,0.859375,1.203125,1.6875,1.9296875,2.046875,0.421875,-4.0625,7.4375,0.19140625,-0.671875,-1.7421875,-1.234375,2.640625,-0.439453125,-0.953125,-0.18359375,1.609375,2.6875,-2.875,4.375,-0.87109375,2.5625,-0.5703125,3.421875,-1.765625,-0.10546875,-0.51953125,-2.5,-2.96875,0.5,-1.4375,0.38671875,5.4375,1.3203125,-0.8359375,1.6640625,-0.6171875,0.6015625,-3.46875,-1.609375,-0.396484375,-0.96484375,6.125,-1.265625,-2.328125,0.9140625,-1.203125,3.265625,-0.80078125,-5.46875,-2.9375,-0.87109375,1.3984375,0.5625,3.984375,-1.984375,0.337890625,-0.640625,2.21875,-1.8671875,1.9140625,0.75,1.8828125,2.765625,-3.78125,3.1875,8.8125,-0.99609375,1.1640625,28.125,-0.01171875,2.078125,-0.51953125,-0.79296875,1.3046875,-2.21875,-5.15625,1.796875,-0.494140625,0.83203125,1.0703125,1.125,-10.375,-0.7734375,-0.0478515625,1.703125,-1.171875,0.1640625,7.8125,2.203125,3.609375,-1.2421875,1.0390625,-0.921875,-0.95703125,-5.28125,-1.296875,-0.302734375,-6.03125,0.6640625,0.265625,-2.78125,-1.0390625,-1.40625,0.91015625,2.171875,1.578125,-3.6875,5.125,7.78125,0.1328125,1.8984375,0.447265625,-0.671875,-1.0859375,-0.046875,-0.01953125,5.0,1.46875,1.6796875,1.171875,0.478515625,-0.228515625,-3.265625,2.890625,-0.67578125,1.1328125,1.75,-1.265625,0.515625,-1.2421875,3.84375,0.703125,-0.314453125,2.03125,-6.0,-0.265625,2.09375,0.1474609375,0.1953125,0.212890625,-0.7890625,-3.546875,1.046875,-2.765625,-0.6875,-1.8828125,6.90625,0.4921875,-1.296875,-5.28125,5.96875,-0.18359375,1.9453125,0.16015625,2.71875,-2.578125,-0.357421875,-2.078125,0.84375,-1.859375,0.8671875,-0.3359375,0.1875,0.296875,-1.078125,-0.82421875,2.234375,1.671875,-0.068359375,0.08935546875,-1.3125,-1.171875,-2.203125,-0.072265625,-0.0390625,-3.140625,-1.1875,-0.5546875,-0.84765625,-0.375,4.0625,0.1875,-0.060546875,-0.84375,-0.8984375,2.125,-1.828125,1.578125,-1.9375,1.9296875,-2.171875,4.15625,-0.359375,-0.8359375,2.3125,-2.28125,-0.5859375,-2.78125,0.28125,-2.984375,-0.60546875,-3.625,0.59375,2.109375,2.5625,1.03125,-0.1708984375,-1.9921875,1.734375,1.2421875,-1.453125,-0.78125,2.3125,-1.15625,-0.7734375,-2.765625,0.80859375,1.5625,0.25,-1.390625,2.09375,-7.71875,3.6875,5.03125,-0.984375,0.3359375,-1.6875,0.2265625,-0.171875,1.21875,-0.703125,1.09375,1.1328125,-1.921875,-1.421875,14.25,1.140625,0.80078125,-2.015625,-3.28125,1.75,-5.90625,0.24609375,0.12890625,0.0390625,0.82421875,2.03125,3.203125,2.21875,-13.8125,4.15625,0.21875,0.47265625,0.169921875,-0.73046875,-2.578125,-1.6796875,0.056640625,1.65625,-1.2265625,-4.375,-0.0234375,-1.03125,-1.2421875,-0.34375,-3.0,-1.765625,1.3125,0.443359375,-5.84375,1.8671875,-0.59765625,-2.890625,-0.45703125,-2.25,-1.859375,0.85546875,5.21875,-0.703125,0.0,2.5625,1.140625,0.6875,5.34375,-1.3125,-1.890625,0.37890625,-2.5,0.95703125,-1.21875,-0.640625,-2.828125,1.1015625,-0.99609375,-0.21875,-11.5,0.67578125,-1.578125,0.546875,4.40625,-8.5625,-1.3125,0.4296875,1.9921875,-1.4296875,3.875,-4.0,1.015625,2.21875,-1.984375,-0.67578125,-1.7109375,-0.0390625,1.2109375,1.0,-0.46484375,2.0,0.671875,0.6640625,-4.375,0.80078125,-15.8125,-1.84375,-0.390625,1.5078125,2.609375,1.140625,7.8125,0.345703125,-0.6796875,0.9296875,-0.11328125,-7.25,1.484375,-1.15625,1.7421875,1.7265625,-1.28125,0.609375,19.5,1.5234375,-1.953125,5.6875,-2.6875,2.6875,-0.140625,0.42578125,-1.2890625,3.0625,1.6875,-0.2109375,4.25,-1.7265625,-0.28125,0.3203125,1.25,-2.453125,-2.421875,1.9140625,-3.84375,1.1328125,1.09375,1.8359375,1.484375,3.515625,-1.0234375,-6.71875,1.734375,-0.796875,-0.7421875,1.765625,2.703125,1.7578125,-1.953125,-0.05859375,2.109375,0.7265625,-0.51171875,-1.90625,-16.875,-0.359375,-1.765625,0.060546875,2.046875,1.5625,-3.484375,-0.419921875,-0.5078125,-0.38671875,-3.65625,0.4375,-0.8046875,6.0625,-3.15625,-0.26171875,0.89453125,-0.015625,-0.46484375,0.640625,-4.625,1.375,-1.9375,0.60546875,2.25,-1.65625,-1.015625,0.8515625,4.34375,-1.8203125,2.375,1.953125,-0.0986328125,-3.46875,0.140625,0.921875,6.28125,0.6015625,1.984375,-1.421875,-2.125,1.96875,-1.6484375,-0.26171875,-4.90625,2.78125,2.625,-0.8515625,-1.46875,-1.84375,-0.109375,-1.2265625,1.3984375,-1.2109375,0.203125,1.1953125,-0.984375,4.21875,1.2265625,1.0703125,-1.6484375,2.328125,1.1484375,-0.90234375,1.234375,-0.44921875,-4.15625,0.76953125,1.8671875,3.28125,-0.84765625,-1.2890625,5.34375,-0.1875,0.384765625,0.7109375,1.1484375,0.640625,0.0390625,2.21875,0.162109375,2.0,0.107421875,2.375,-0.3203125,2.25,-3.0,-4.25,-2.21875,-0.62890625,1.8125,7.21875,3.0,6.25,0.12890625,0.2265625,-0.1142578125,-2.34375,4.59375,-0.076171875,-4.78125,-0.27734375,5.4375,0.421875,-0.5546875,1.203125,-0.125,2.078125,-3.171875,-1.1328125,0.10546875,-1.421875,-2.15625,0.84375,0.005859375,1.0625,3.625,1.140625,-0.45703125,-2.390625,5.84375,-1.0625,-2.125,1.3359375,1.6328125,0.171875,0.2734375,-1.4609375,-1.234375,-0.4296875,-3.25,-2.375,4.5625,-1.515625,3.78125,1.296875,-3.78125,-0.109375,1.1328125,-0.2109375,1.515625,-0.76953125,2.609375,4.5,-4.5,0.56640625,3.265625,-1.9375,-9.4375,2.125,-0.7734375,0.5703125,-2.609375,-5.375,1.0,-0.0751953125,1.6171875,-1.984375,0.41796875,0.875,-3.46875,0.44921875,4.3125,-2.4375,1.796875,-0.6796875,-1.265625,3.859375,-0.82421875,0.3515625,-6.59375,-0.9296875,-1.15625,2.5,-1.3203125,0.21875,1.265625,1.7734375,-1.2890625,-1.578125,9.125,4.03125,1.875,-51.75,0.431640625,-1.015625,-1.296875,0.640625,-4.0625,-1.8203125,2.640625,11.4375,-0.1484375,-0.37890625,-6.71875,1.03125,-0.2197265625,-2.390625,-0.16015625,-5.5625,2.203125,-0.009765625,4.875,3.90625,-5.15625,-2.046875,1.8203125,-2.25,-2.046875,1.75,3.75,6.6875,-2.21875,-1.1953125,7.03125,-0.7109375,6.96875,-2.03125,-0.55078125,0.67578125,-1.96875,0.1455078125,1.2109375,-30.875,-2.84375,1.1796875,1.4453125,3.109375,-0.484375,13.0625,1.0234375,-3.3125,0.74609375,0.240234375,1.8125,2.484375,1.3515625,4.5,5.09375,-2.5,1.21875,-0.0322265625,-0.54296875,1.6796875,-0.9375,0.03515625,1.203125,-2.3125,0.1015625,1.3515625,-0.126953125,2.21875,-3.859375,-3.3125,0.4375,-2.34375,2.890625,-3.015625,0.0390625,1.359375,-1.484375,1.2421875,-1.234375,0.6484375,-0.66015625,-0.4609375,1.2109375,-1.09375,-3.09375,-1.0234375,-1.0703125,0.341796875,3.828125,1.640625,-1.6953125,0.330078125,4.09375,-2.203125,-0.87109375,-0.41015625,2.96875,0.2890625,-0.19140625,-0.3125,-0.99609375,-0.59375,-4.875,1.9921875,0.41015625,-0.0703125,2.0625,2.09375,0.265625,4.15625,2.328125,-3.734375,-1.84375,-0.7265625,0.421875,-0.76171875,-1.34375,12.5,-1.390625,-0.5625,-3.28125,-0.6328125,3.03125,5.9375,-0.484375,-1.109375,-3.25,5.65625,-0.31640625,-2.09375,0.29296875,-0.224609375,0.02734375,-0.4296875,-1.03125,-3.171875,-4.84375,4.6875,1.78125,0.376953125,2.4375,-7.71875,-0.80078125,1.078125,0.470703125,-1.3125,-0.75390625,5.21875,-0.447265625,-0.890625,-2.40625,-2.5625,0.8984375,2.859375,1.7109375,-1.484375,-1.421875,-0.5546875,-0.296875,-0.64453125,-4.4375,0.06787109375,-1.8828125,0.478515625,-2.578125,2.359375,4.46875,-0.5703125,0.443359375,-2.875,-0.39453125,0.875,0.0048828125,-0.35546875,0.2421875,0.5546875,0.279296875,0.443359375,-0.09765625,0.796875,0.890625,-1.5546875,0.984375,-3.75,0.345703125,-1.171875,2.5625,0.1318359375,-8.6875,-2.21875,-2.15625,-0.7890625,-1.796875,1.75,-1.109375,-0.140625,0.96484375,-1.8515625,2.3125,-4.5625,0.73828125,-1.3203125,3.5,-0.5390625,0.86328125,1.7265625,-0.408203125,7.90625,-0.796875,0.123046875,-1.546875,-0.279296875,-3.03125,-0.71875,0.13671875,-0.044921875,6.75,-2.71875,1.2734375,1.5,-0.0625,-0.109375,2.09375,-0.71484375,-0.91796875,3.34375,3.859375,0.20703125,8.9375,-1.140625,-0.208984375,-2.875,-1.28125,4.21875,0.9609375,-1.1875,1.4140625,-0.453125,0.9296875,-0.12109375,0.87109375,0.81640625,-1.625,-0.78125,-21.375,0.78125,7.71875,-3.40625,2.375,-2.53125,1.3203125,0.98828125,2.15625,-3.046875,-1.78125,-1.375,0.984375,-0.78515625,2.828125,-0.004150390625,-3.59375,-0.265625,-1.28125,-1.0390625,5.78125,-1.4296875,2.5,1.8984375,-0.7265625,0.91015625,-0.46875,-1.5859375,-2.6875,1.25,0.58203125,-1.03125,-2.859375,0.6015625,0.40625,1.8359375,-13.0625,19.0,1.359375,-1.8828125,1.75,0.33203125,3.609375,-0.427734375,2.125,-2.640625,3.890625,-0.05908203125,-10.8125,-0.12890625,0.94921875,-0.8671875,-6.71875,-1.734375,-1.4609375,-1.296875,8.0625,1.984375,-0.0322265625,0.7421875,-0.3125,0.5,1.203125,1.4375,0.5703125,0.625,-3.03125,-0.205078125,1.203125,-1.0390625,0.365234375,-0.8671875,-1.8046875,9.875,2.640625,2.515625,0.94921875,0.61328125,-2.53125,-4.03125,-1.25,1.8984375,-6.5625,-1.34375,0.318359375,-1.234375,-0.26953125,-0.125,-1.609375,2.109375,0.8515625,-1.5859375,0.1318359375,0.099609375,2.875,-0.9140625,-0.142578125,-1.640625,-0.73046875,1.3515625,-0.025390625,6.40625,-1.5,-0.296875,2.625,0.76171875,-4.46875,6.28125,-2.125,4.0625,-1.15625,-4.625,1.78125,0.41015625,0.8828125,0.5625,0.93359375,-1.3828125,0.6484375,0.3515625,0.6328125,1.8671875,-0.86328125,0.0390625,-9.625,1.84375,-1.5703125,1.9375,2.5625,-4.21875,-2.21875,-4.34375,0.87109375,0.31640625,-1.4375,-1.0546875,0.6640625,0.33203125,5.125,-2.140625,2.234375,0.95703125,-1.90625,1.6640625,-2.5,1.90625,-0.50390625,-2.75,-3.453125,0.9921875,1.8203125,-10.0625,1.3046875,1.703125,-1.0625,-1.59375,-1.28125,-3.828125,1.890625,0.462890625,-0.44921875,-1.546875,-1.875,-18.75,0.3125,-1.8828125,0.2294921875,-2.59375,-0.34375,-0.1337890625,-11.3125,-7.46875,1.03125,0.251953125,-4.375,3.484375,0.203125,-4.28125,1.9375,-2.34375,9.8125,0.97265625,0.8203125,-0.79296875,-3.203125,4.375,-1.390625,0.60546875,2.3125,-0.9921875,-2.59375,-1.4921875,4.75,-0.5703125,4.40625,1.0625,-15.6875,-0.15234375,-5.15625,0.3671875,-0.63671875,2.96875,0.27734375,-2.828125,-1.6484375,-0.4609375,4.53125,0.015625,-6.53125,-3.828125,-0.5390625,-0.5078125,0.38671875,1.875,-0.1787109375,1.640625,0.248046875,-0.2294921875,4.625,4.40625,-5.09375,-0.45703125,-1.515625,9.8125,0.04931640625,-0.5,0.24609375,-0.1953125,3.796875,3.109375,-0.13671875,-0.74609375,-1.34375,3.4375,-1.2890625,-1.1640625,-0.7421875,-14.0,2.46875,-7.5,2.046875,0.6484375,-1.2890625,-1.109375,-1.1015625,0.42578125,-0.8984375,-2.703125,-3.953125,0.64453125,0.26953125,6.4375,6.25,1.8359375,-2.8125,0.439453125,0.1953125,3.421875,-0.34765625,-2.515625,2.9375,-4.6875,-3.421875,1.078125,-0.41015625,1.3125,-0.953125,-1.34375,0.6328125,-4.40625,3.578125,-1.84375,-1.078125,-0.6796875,0.439453125,1.4609375,1.09375,12.0625,-0.25,-1.59375,22.375,0.1171875,0.68359375,-1.625,-2.390625,-2.15625,1.3203125,0.21484375,0.30859375,4.46875,0.8984375,-2.0625,-2.9375,-0.03125,0.84765625,3.0625,0.0,1.2265625,3.28125,-1.828125,1.515625,0.515625,0.6953125,2.1875,1.0546875,2.015625,4.34375,-0.26953125,0.98828125,-0.4453125,1.15625,-2.96875,0.00341796875,1.328125,-3.71875,-1.1875,0.47265625,-8.125,-1.9375,-0.29296875,3.328125,2.09375,1.109375,0.8046875,-1.5546875,-1.0859375,-2.4375,0.484375,-1.71875,2.34375,-2.828125,1.796875,-8.8125,-2.796875,-1.890625,-0.078125,1.3515625,-3.28125,-0.9140625,-0.07421875,-0.4296875,2.140625,0.02734375,-2.234375,1.171875,-3.046875,-8.4375,0.7109375,-0.33984375,-0.234375,3.78125,1.3515625,2.9375,2.234375,0.193359375,0.671875,-21.75,-1.875,2.625,-2.21875,-0.6953125,0.3046875,-1.96875,-2.1875,-22.625,1.7578125,5.78125,-5.5625,0.609375,12.8125,0.71875,1.3984375,-0.376953125,0.57421875,-8.0,-3.078125,-2.09375,-0.1484375,0.859375,1.28125,1.109375,0.625,-0.3515625,-0.125,-0.62890625,-1.4921875,-3.484375,3.890625,17.625,3.3125,-0.3671875,-3.375,-2.25,-0.62109375,0.02734375,-2.1875,4.40625,-3.9375,0.296875,-0.1484375,-3.84375,0.271484375,-0.734375,4.0625,-0.189453125,-2.78125,1.078125,-1.6875,0.953125,-0.45703125,1.03125,-0.875,0.3046875,3.53125,-1.3125,2.1875,0.7109375,1.484375,-0.3203125,2.4375,-7.28125,-63.0,3.765625,0.95703125,-0.80078125,-1.578125,0.8671875,1.6328125,-1.2578125,1.546875,-0.85546875,-1.125,-1.0625,1.0625,4.0,-0.8125,1.4296875,4.40625,0.5234375,1.7890625,0.59765625,-0.6015625,1.8125,2.671875,0.283203125,-2.3125,0.2890625,0.28125,-1.6328125,1.1640625,-3.90625,-2.421875,1.734375,-2.453125,-4.8125,1.7578125,2.75,-14.3125,-1.5390625,0.8359375,10.25,3.828125,7.03125,-0.109375,5.125,-4.0,-1.1015625,-1.2578125,0.30078125,0.84765625,2.09375,-0.42578125,-1.03125,-0.828125,-1.59375,-0.86328125,0.546875,0.98828125,0.0986328125,9.8125,0.5546875,0.51171875,0.353515625,0.640625,0.0703125,-4.9375,-2.125,2.0,-0.265625,-0.31640625,0.0107421875,2.765625,3.4375,-2.03125,-1.890625,-4.125,-2.75,-0.0234375,-0.6328125,-3.375,-0.92578125,1.171875,-6.9375,2.953125,3.09375,-2.453125,0.33203125,-7.59375,6.5,-2.234375,-1.2421875,0.66796875,-1.578125,3.0625,0.8359375,-1.8984375,-1.453125,1.375,1.3125,-1.3828125,-1.390625,1.484375,1.71875,-3.09375,0.2734375,-1.265625,0.63671875,-0.75,6.375,1.875,9.8125,3.78125,2.875,1.5625,-0.80078125,-3.734375,4.03125,0.81640625,1.4765625,-3.078125,-1.359375,0.091796875,-0.90234375,-3.125,-1.0390625,0.453125,-2.40625,-1.46875,1.2890625,2.25,0.6796875,1.71875,0.5859375,3.65625,-0.28515625,0.609375,2.875,0.0078125,1.4375,0.046875,-11.1875,0.439453125,2.421875,2.0625,-1.3125,1.4375,3.015625,2.84375,0.48046875,0.9921875,-5.21875,-0.53125,-3.21875,1.40625,-1.8515625,4.5,0.828125,0.88671875,-0.91015625,0.93359375,2.1875,-0.296875,1.7421875,11.8125,0.8203125,-0.52734375,0.65234375,0.87109375,11.8125,0.4296875,-3.40625,-2.75,-0.390625,2.671875,0.50390625,-1.5546875,0.9765625,-1.40625,2.828125,-2.15625,-1.484375,-0.8046875,-0.66015625,0.84765625,-3.796875,-1.8984375,-1.140625,-0.470703125,-6.25,-1.15625,-2.5,1.1484375,-0.08984375,-2.1875,-0.078125,-0.59765625,4.25,-1.6015625,-0.078125,-0.5,1.5859375,-1.328125,-2.3125,-1.8828125,-1.875,-1.4609375,-1.4375,0.546875,0.1640625,-13.125,2.8125,-9.75,-0.453125,2.140625,-1.5,1.609375,-1.9921875,1.328125,1.21875,2.65625,-0.890625,1.5234375,2.875,1.3671875,1.46875,-0.69921875,0.470703125,-1.9296875,1.8359375,-0.11181640625,-0.345703125,4.1875,-0.45703125,-1.734375,-1.0,-0.1640625,3.296875,13.375,2.984375,-4.78125,-1.546875,0.01416015625,-0.41796875,0.19140625,-0.890625,2.921875,-0.515625,-1.5078125,-0.94140625,1.109375,-8.25,-0.8203125,0.59765625,1.125,1.421875,-0.765625,0.7890625,3.984375,-0.75390625,-2.515625,1.2578125,0.34375,0.515625,0.53125,-0.8203125,-2.171875,-0.671875,-1.75,1.5234375,-0.01953125,-5.5,1.2265625,-6.1875,-0.4140625,1.0234375,-0.150390625,-2.34375,-1.609375,0.2265625,0.671875,-3.59375,-1.671875,-1.953125,-2.71875,1.046875,-0.4453125,-2.046875,1.5390625,-1.3828125,1.359375,-23.375,-0.5546875,-8.0,-1.890625,2.859375,-70.5,-1.859375,-1.984375,1.453125,2.40625,0.6171875,1.3828125,-1.6484375,-0.796875,2.078125,0.17578125,2.953125,0.92578125,0.515625,0.146484375,-2.078125,1.2109375,-2.21875,1.0625,1.734375,-1.6875,0.404296875,0.427734375,1.203125,2.96875,2.71875,0.29296875,-2.09375,-2.46875,3.75,-0.859375,0.50390625,-2.40625,0.984375,0.625,16.75,-0.5234375,-0.40234375,-0.9609375,0.15234375,-0.56640625,-0.953125,-0.171875,-2.28125,-0.28515625,-0.66796875,-3.75,-1.390625,0.083984375,-0.65234375,0.94921875,-2.234375,-1.1484375,-1.21875,-5.90625,0.8359375,3.78125,1.484375,0.09765625,1.1875,0.9140625,0.36328125,0.9140625,3.125,-2.484375,1.2578125,-1.5546875,2.421875,-3.09375,0.640625,8.125,-0.40625,5.15625,-3.578125,-1.984375,-0.48828125,-1.7734375,0.3125,-1.2734375,-0.5078125,-18.75,-1.109375,1.25,-0.1640625,-1.921875,7.375,-0.72265625,-1.390625,0.25,-0.109375,0.578125,8.0,-0.224609375,0.19140625,0.1953125,-2.5,1.2109375,1.34375,-0.267578125,-1.640625,2.46875,10.4375,1.0703125,-1.578125,-11.0,0.5390625,-1.9609375,-2.875,3.625,-1.2734375,0.93359375,0.7421875,-0.21875,3.53125,-0.1640625,1.625,-0.9921875,11.25,-0.203125,0.6171875,1.1171875,1.9453125,-3.625,-2.09375,16.75,3.140625,2.28125,-2.109375,4.6875,2.09375,5.71875,0.0830078125,0.2734375,0.76171875,-3.21875,0.82421875,-3.53125,0.291015625,-0.78125,1.546875,-0.2021484375,-1.0390625,-0.33984375,3.375,-12.3125,0.82421875,-0.96875,0.84765625,-0.091796875,2.734375,0.421875,-1.015625,-1.8203125,-0.54296875,-1.546875,0.74609375,-0.9921875,2.1875,3.0,0.328125,0.1044921875,0.10888671875,-0.05859375,-2.25,6.75,16.125,-0.94140625,-0.69921875,0.244140625,0.34375,-0.13671875,2.703125,-1.9765625,2.3125,-0.2001953125,-4.03125,0.95703125,-7.75,-1.9453125,0.390625,-0.443359375,-0.109375,0.486328125,0.486328125,1.578125,-0.953125,-1.4375,14.1875,0.017578125,1.046875,0.0078125,0.89453125,2.046875,-0.1669921875,3.359375,0.70703125,1.375,-2.4375,-4.3125,-0.640625,-4.6875,1.03125,-3.1875,-1.6171875,0.2421875,-32.75,0.37890625,-0.28125,-0.74609375,-0.11328125,-1.265625,2.75,0.84765625,2.25,3.6875,-8.3125,1.0859375,9.0,-0.154296875,-2.75,3.453125,1.0234375,6.75,1.578125,1.140625,-0.48046875,1.90625,-1.0625,0.67578125,-0.068359375,2.375,1.5390625,-6.625,-0.173828125,-3.046875,9.75,-0.96875,-0.53125,0.5234375,-6.09375,-8.6875,1.21875,0.640625,1.15625,-0.3828125,0.19140625,0.365234375,-3.328125,3.046875,1.1015625,9.6875,-0.462890625,0.546875,0.462890625,-1.1484375,0.419921875,2.28125,-2.53125,-1.125,1.3671875,-0.330078125,1.3125,0.01953125,0.4375,0.03125,13.375,1.828125,2.078125,0.171875,-1.515625,-0.185546875,0.84765625,0.7109375,2.203125,0.671875,-1.265625,-1.84375,-0.69921875,-0.28125,-0.98046875,2.875,0.26171875,0.734375,1.65625,-4.09375,0.08984375,-2.125,4.65625,-4.90625,-2.4375,2.875,0.1484375,-6.75,0.91015625,1.46875,-4.25,-1.796875,-5.5,0.7109375,-1.296875,-0.390625,3.625,0.5859375,0.53125,-0.33984375,0.1875,2.890625,-3.390625,8.25,2.9375,1.328125,0.71875,-2.25,0.2421875,-3.0,1.0546875,2.796875,-0.9453125,-3.546875,1.6953125,-0.052734375,1.0625,-0.25,0.64453125,-0.068359375,-0.58203125,10.6875,-1.546875,-2.09375,0.515625,1.3125,0.57421875,16.75,0.96875,3.359375,-3.171875,-4.96875,0.02880859375,2.78125,3.25,-0.427734375,0.216796875,-2.0,-0.78515625,13.3125,-0.80078125,-0.26171875,-1.765625,-1.125,-1.8671875,3.21875,4.0625,-0.03125,-0.41796875,0.23828125,-1.3125,0.6796875,0.921875,-1.1875,-0.77734375,-4.625,2.1875,-0.6953125,2.515625,-0.5390625,-0.6171875,1.6328125,-2.453125,-9.4375,-0.7578125,0.7578125,-3.3125,1.7265625,-7.28125,-0.140625,1.9375,-0.23828125,-1.15625,-2.625,1.953125,-1.1484375,0.8125,-0.6328125,0.640625,-1.640625,0.2890625,-1.6640625,4.34375,-0.99609375,1.7109375,4.1875,-0.265625,0.9140625,0.03125,-3.25,-0.78125,-0.02734375,-0.380859375,-0.095703125,2.46875,1.6328125,-2.296875,-1.0390625,0.08203125,2.453125,-5.78125,-1.1796875,-2.734375,3.734375,-0.4609375,0.9453125,-19.0,-2.171875,-0.921875,-1.28125,-1.34375,5.15625,-5.5625,-5.625,-1.15625,0.28125,-6.3125,0.0546875,1.8671875,-3.90625,0.234375,-1.625,-3.40625,3.453125,-1.484375,15.4375,9.25,0.953125,1.5,0.703125,2.671875,-0.4296875,-0.287109375,-4.4375,0.4140625,-1.046875,-1.8125,0.4140625,7.25,-2.203125,3.75,0.12890625,4.875,-1.875,-2.0625,-3.953125,10.0625,-3.796875,2.21875,-1.84375,-1.1640625,-0.79296875,-0.23828125,1.0546875,1.140625,0.419921875,-1.40625,10.8125,1.6171875,2.625,0.0390625,0.7109375,2.421875,1.484375,0.21484375,1.5859375,0.1328125,-0.408203125,-0.765625,-2.125,0.15625,-0.984375,-1.3359375,1.09375,-2.53125,1.8125,-0.546875,-0.7265625,-4.625,-2.03125,0.53515625,2.125,1.8125,0.98046875,1.1484375,2.171875,-0.45703125,1.6328125,-0.890625,1.59375,-1.6875,2.328125,-1.671875,-4.28125,3.953125,-3.90625,-0.6796875,3.65625,0.384765625,-2.0,12.4375,-1.609375,2.140625,-2.703125,0.0771484375,-0.515625,-3.21875,0.23046875,-1.984375,1.046875,-5.90625,3.375,-1.2734375,-0.14453125,0.05859375,0.234375,-1.78125,2.65625,-1.953125,-0.07861328125,1.1015625,-0.06005859375,0.82421875,-1.3125,0.1796875,-3.109375,-1.3828125,-1.6015625,-0.4140625,-0.82421875,0.0546875,-5.0625,-6.5625,1.40625,-0.71875,2.03125,-0.5703125,3.171875,-12.125,1.6875,1.9765625,-1.484375,-3.40625,-0.376953125,2.15625,1.765625,-4.3125,-0.18359375,-2.03125,3.59375,20.875,-3.390625,2.015625,0.48828125,-0.69921875,3.3125,-1.9375,2.015625,-0.54296875,-2.140625,-1.0625,1.484375,-1.296875,8.375,2.53125,-5.09375,2.078125,1.5390625,0.359375,-1.5703125,1.046875,0.400390625,-0.34375,1.984375,-0.6171875,0.390625,1.2265625,-2.4375,1.03125,0.390625,-1.1328125,-0.47265625,1.3359375,-0.486328125,-0.2265625,-12.5625,-2.53125,2.453125,-1.890625,5.4375,1.609375,0.48828125,-5.03125,0.130859375,-2.046875,-0.109375,2.25,2.5625,1.2890625,-3.046875,0.796875,-0.2421875,7.1875,-1.375,0.890625,0.4375,1.2421875,-0.0546875,1.75,1.3828125,1.5703125,-0.310546875,0.65625,0.35546875,-1.4140625,-1.4375,2.34375,-2.34375,6.1875,1.71875,7.90625,-1.4453125,-2.09375,-1.375,0.46875,2.640625,-0.55859375,-5.15625,-0.07421875,-3.4375,-0.3671875,0.6015625,0.9765625,0.34375,-4.03125,2.59375,2.609375,-0.123046875,-2.75,-1.0390625,-1.8203125,0.08984375,-0.86328125,0.76171875,2.09375,2.046875,-0.2578125,1.109375,-1.8125,1.140625,0.283203125,2.09375,-1.3046875,-0.74609375,0.5,-0.69921875,-1.265625,1.015625,0.703125,0.07373046875,-5.1875,0.08984375,3.28125,0.76171875,-1.7265625,-3.625,0.40625,-2.390625,1.3515625,-4.65625,0.18359375,2.3125,5.4375,-1.71875,2.875,-6.46875,-1.3203125,-0.8671875,13.5,-1.0703125,0.9296875,-1.984375,1.5390625,0.8671875,1.40625,0.98046875,-6.59375,1.8046875,-2.515625,1.703125,-2.71875,0.70703125,-0.091796875,1.3359375,-0.75390625,1.921875,-0.3203125,1.6953125,-1.40625,-1.453125,0.443359375,0.78515625,1.953125,1.8828125,5.25,-0.43359375,4.25,2.359375,-0.609375,1.609375,0.111328125,0.42578125,-0.8125,-3.609375,-3.359375,2.484375,-4.40625,0.50390625,1.2265625,-1.3046875,-2.28125,1.6953125,-1.8671875,-2.609375,-0.7734375,-0.67578125,6.3125,-1.28125,-2.1875,-2.4375,-0.65234375,-7.0625,0.37890625,0.49609375,-4.21875,0.23828125,4.5,-0.578125,0.48046875,-0.345703125,2.125,0.0078125,3.390625,1.46875,-4.15625,0.9140625,1.453125,0.33203125,-2.0625,2.796875,-0.51953125,-6.28125,0.46484375,-1.2109375,-0.3828125,-1.1875,-0.423828125,0.89453125,-2.0625,9.0625,-0.130859375,0.26171875,-1.8125,-2.140625,0.5859375,0.91796875,-2.625,-0.21875,-1.265625,1.3671875,1.875,-9.125,-0.4765625,-1.5546875,0.6171875,-1.484375,5.21875,1.4296875,-1.265625,-0.4921875,5.09375,0.498046875,-3.25,5.5,-2.0,-1.703125,0.796875,-1.953125,-0.5390625,-14.0,1.140625,1.53125,-0.203125,-0.578125,2.59375,-1.46875,1.2734375,-0.298828125,-0.80859375,0.265625,2.75,1.9140625,-1.171875,-4.0,1.078125,0.85546875,1.3671875,-4.625,-3.75,-0.291015625,0.58203125,0.87109375,-1.6484375,-1.1171875,1.125,-2.671875,0.3828125,-0.02294921875,0.21875,0.64453125,0.91015625,1.359375,0.29296875,3.71875,4.21875,13.0625,0.8828125,1.1640625,-0.123046875,-0.23828125,1.640625,0.953125,-0.59765625,-0.86328125,-0.52734375,-2.484375,-0.30859375,-0.140625,1.1484375,-0.59375,6.96875,1.0234375,1.6875,-0.1328125,9.5,-0.609375,-0.20703125,2.71875,-4.15625,0.9921875,1.6953125,3.078125,-0.4296875,-2.34375,2.109375,-1.984375,1.7265625,3.578125,0.65625,2.078125,0.5703125,0.75,-3.546875,0.77734375,2.171875,0.984375,-1.0625,-0.45703125,-1.6953125,-7.0625,-3.0625,-0.59375,1.890625,-2.5625,0.75390625,1.8125,-1.1171875,-1.09375,1.71875,-1.5078125,0.26171875,-6.84375,-1.6953125,-0.96875,4.125,3.90625,-0.046875,-0.66796875,-16.5,2.53125,-0.85546875,-1.171875,0.46484375,-1.5703125,23.75,2.0625,2.140625,-2.015625,1.265625,1.75,-0.6171875,-0.31640625,1.3671875,-1.6015625,1.171875,0.357421875,-2.796875,0.546875,-1.5390625,-0.71875,0.357421875,0.96875,-0.21875,2.5625,0.78515625,2.1875,-2.796875,-2.40625,1.3515625,-4.1875,1.734375,1.234375,0.62890625,-5.53125,-0.0078125,2.109375,0.734375,-1.453125,1.5625,-0.8515625,-2.3125,3.390625,-1.015625,3.5,-2.046875,2.046875,4.75,3.375,4.65625,-0.2333984375,2.03125,6.625,-1.03125,-3.75,2.703125,1.109375,-3.84375,-1.578125,-1.15625,-1.3046875,1.4375,-9.6875,0.953125,-3.375,-1.515625,-1.53125,2.484375,0.103515625,-1.5859375,7.09375,-6.09375,-1.6015625,-1.8125,-1.203125,-1.2109375,-0.515625,-1.7890625,-2.625,1.9453125,-1.7265625,2.21875,0.0390625,1.390625,-1.1484375,0.76171875,1.15625,1.21875,-0.76953125,2.84375,-1.203125,-29.5,-3.890625,0.328125,0.8671875,-1.5703125,1.2734375,10.0,-1.09375,0.39453125,1.640625,-1.1171875,0.59765625,-2.578125,-1.703125,-3.28125,8.0625,1.96875,5.5625,-0.6796875,-2.3125,-1.4140625,-0.8125,-6.46875,-0.1875,0.78125,0.875,1.3515625,5.625,0.515625,14.125,0.234375,2.375,-1.40625,-0.1640625,-7.125,0.41015625,-0.9609375,2.84375,1.484375,1.046875,1.28125,-1.265625,2.046875,2.59375,0.90625,-0.44921875,-0.388671875,4.4375,-0.93359375,1.6171875,8.8125,-4.0,-0.6328125,1.6796875,0.3828125,1.65625,-0.7578125,-1.421875,1.796875,1.7421875,-1.1171875,-2.171875,2.125,-29.25,-12.375,0.4453125,-0.64453125,-2.46875,1.7734375,0.5390625,0.53125,-3.0625,-0.025390625,0.03515625,1.953125,-1.078125,-0.609375,2.9375,-0.83984375,5.1875,-1.6015625,3.21875,0.0625,-1.9921875,-0.77734375,1.546875,0.37890625,3.546875,0.5546875,-1.375,-6.9375,-1.1640625,1.9375,2.421875,1.703125,3.640625,1.9453125,0.9140625,1.03125,5.1875,1.296875,2.65625,-9.125,-3.1875,0.1455078125,1.734375,0.765625,0.5625,-0.5078125,-2.8125,-3.1875,0.9453125,-3.546875,0.033203125,1.2421875,-2.03125,-1.21875,-2.21875,0.5703125,-7.09375,-1.234375,-3.328125,-0.27734375,17.375,-2.171875,1.4921875,0.9609375,-0.3203125,1.34375,4.71875,0.50390625,0.349609375,3.140625,-1.515625,-0.296875,0.6875,1.875,0.3125,1.625,1.53125,-0.2109375,2.953125,-2.21875,-0.005859375,-7.46875,1.75,-0.1748046875,-0.59375,-3.625,-0.451171875,0.10546875,0.5546875,11.0625,1.359375,-3.671875,-2.171875,-1.0546875,1.2890625,-0.24609375,0.75,-3.265625,-1.53125,-7.90625,0.345703125,0.40625,-1.859375,0.8515625,-0.36328125,0.57421875,-3.421875,-0.515625,2.078125,0.55859375,0.11328125,-1.421875,-1.4296875,-2.109375,-2.03125,-1.953125,1.40625,2.875,-0.453125,0.15625,0.63671875,1.5703125,1.5859375,0.6328125,3.015625,2.28125,-1.3359375,1.171875,-0.45703125,-1.9140625,2.078125,2.640625,0.64453125,1.578125,-1.28125,0.6015625,0.26171875,4.0625,0.359375,1.84375,-0.8125,-0.484375,2.140625,2.765625,0.234375,0.578125,-1.453125,-1.546875,-0.5,-3.03125,0.70703125,-1.8125,-0.578125,0.5703125,1.6640625,2.484375,1.984375,-0.953125,1.109375,-0.5625,-2.25,16.375,1.75,1.046875,-0.828125,0.609375,1.2734375,-0.69921875,2.5,1.359375,0.3046875,-0.78125,-0.029541015625,-16.0,-23.375,1.9609375,1.09375,-3.0,-0.9296875,1.734375,-0.400390625,-0.1328125,-1.734375,0.0078125,2.28125,-0.828125,5.34375,-4.28125,-0.0703125,-0.79296875,-3.0625,-4.25,-0.53125,-0.078125,-0.15625,2.1875,2.234375,1.2109375,0.91015625,0.97265625,0.06640625,1.0,-1.6171875,0.166015625,0.0234375,-0.53125,-4.71875,0.92578125,-1.390625,1.34375,1.375,-0.24609375,5.15625,0.75,0.546875,-2.375,-0.296875,-1.78125,-0.41015625,-1.03125,-8.0625,-1.953125,0.8671875,5.90625,0.0625,-4.21875,-1.0,0.017578125,-0.1767578125,2.28125,-6.1875,0.427734375,0.6953125,-1.1328125,5.15625,-4.53125,-0.0703125,0.17578125,-0.671875,58.25,-0.9296875,-1.40625,-0.8359375,0.0859375,0.03515625,-0.23046875,-1.421875,-2.375,0.8828125,1.390625,-3.25,-0.333984375,1.0625,2.03125,-4.3125,0.734375,0.474609375,1.4140625,-0.98046875,2.15625,0.69921875,-0.6484375,0.04296875,2.765625,1.0,1.0625,0.75,-3.28125,-0.5078125,-0.388671875,-0.1640625,1.1015625,1.453125,-0.2578125,0.16796875,-1.203125,-3.53125,-0.53125,-0.96875,5.375,-2.171875,0.201171875,1.5078125,-3.15625,0.8515625,-1.6875,-2.953125,2.171875,-1.9140625,2.5625,-0.447265625,0.265625,-1.875,7.4375,2.296875,-0.39453125,0.21484375,0.23046875,-4.375,-3.46875,-4.15625,0.8203125,-2.015625,0.8671875,-1.3984375,-2.375,0.8671875,11.375,10.0625,-0.6328125,3.828125,0.94140625,-3.1875,-1.40625,0.1171875,4.25,-1.7734375,-0.2021484375,-1.0234375,1.3203125,-2.6875,2.640625,0.9375,-3.296875,0.578125,-2.65625,0.2734375,3.78125,-2.078125,0.048828125,-1.625,0.31640625,-1.203125,-0.498046875,-1.375,0.068359375,-2.375,-9.75,-3.765625,-31.875,-0.26953125,1.875,2.109375,-0.33984375,6.625,1.984375,-2.828125,-2.8125,0.5390625,6.53125,-0.359375,-0.1796875,0.26953125,3.25,-1.0703125,-1.609375,2.796875,0.126953125,-23.375,-0.1484375,-0.57421875,4.03125,1.171875,-0.7734375,2.4375,1.8203125,-10.125,0.96875,-1.03125,0.400390625,0.76171875,-1.25,-1.4140625,0.484375,-9.8125,-0.4609375,-0.546875,-1.59375,-2.890625,-1.15625,2.09375,1.71875,-2.3125,-1.2734375,-0.453125,-0.455078125,-1.59375,-1.484375,0.1953125,3.515625,0.5703125,-0.3671875,-0.56640625,1.515625,-1.046875,0.08203125,-3.359375,0.14453125,-8.8125,3.171875,2.25,1.6875,1.796875,3.0,-0.734375,0.05859375,-0.6484375,-1.7578125,-3.71875,-1.578125,-1.125,4.25,1.734375,0.26171875,1.8515625,3.984375,-1.390625,-5.4375,0.9765625,-0.296875,-0.294921875,-1.03125,2.125,-4.15625,0.2421875,1.2421875,-1.65625,-1.984375,0.22265625,-1.1953125,-2.65625,-0.65625,-2.78125,-0.462890625,-2.5,-0.87109375,-0.81640625,3.4375,1.09375,-0.29296875,1.71875,-2.40625,1.4609375,2.375,5.65625,-0.48046875,3.53125,1.46875,-0.359375,-3.46875,-1.7421875,0.25390625,0.4921875,1.78125,-4.0625,4.0625,0.671875,5.34375,11.9375,1.171875,6.84375,1.8828125,3.453125,-1.828125,0.2109375,1.03125,-2.0,0.66015625,0.1171875,0.49609375,2.84375,0.85546875,3.15625,1.640625,-1.140625,1.25,-1.3046875,-2.078125,-1.921875,-0.6015625,-3.109375,-0.671875,-2.828125,0.404296875,2.75,4.6875,-0.3828125,-1.328125,-2.25,7.84375,0.482421875,0.33984375,0.69921875,1.640625,6.25,-0.578125,0.1337890625,-8.375,1.125,0.4296875,2.84375,-0.9453125,-25.375,0.375,-1.640625,-1.0625,-0.43359375,1.8671875,4.46875,1.078125,0.703125,-2.671875,1.9453125,0.7109375,0.375,-0.5625,-0.0546875,2.703125,-3.21875,0.015625,-0.6875,1.6953125,0.451171875,-0.48046875,0.59375,1.1484375,-3.078125,0.2734375,3.4375,6.0,-2.078125,-2.21875,2.953125,2.0625,0.5546875,-2.109375,-3.8125,-0.66015625,1.796875,8.4375,-2.71875,6.53125,0.75390625,-0.58203125,-2.4375,2.9375,-4.5625,-0.21484375,-1.5,-0.6171875,-0.9765625,-0.94921875,0.65625,-4.6875,0.78515625,0.005859375,0.7890625,-2.109375,-0.125,0.84765625,0.4609375,0.146484375,0.234375,0.27734375,-0.39453125,-0.150390625,0.119140625,1.3125,0.09375,-0.83203125,1.203125,-1.2578125,1.875,4.9375,3.515625,1.3203125,-0.072265625,-1.125,-3.453125,0.396484375,0.68359375,0.125,4.5,-1.40625,5.40625,-1.875,-2.359375,-1.265625,12.625,5.71875,2.484375,-2.390625,-2.125,-1.0234375,-0.73828125,-4.0625,-0.328125,-0.8515625,1.796875,0.5,0.0234375,-0.2109375,-2.25,-2.921875,-2.375,-0.046875,-0.9609375,-4.375,-3.765625,0.63671875,1.0546875,-10.0625,0.578125,3.625,8.8125,-1.953125,0.76171875,0.3046875,-0.5,-1.0625,-0.337890625,3.28125,-0.9609375,0.466796875,1.015625,0.3828125,-1.0,-1.609375,-0.58203125,-0.40625,-0.953125,1.7734375,-6.375,0.515625,1.703125,-1.0,0.921875,0.166015625,0.703125,2.234375,-2.359375,-2.8125,7.625,-3.375,2.859375,1.34375,1.5625,1.203125,8.6875,-0.828125,4.03125,0.384765625,-0.45703125,-10.375,-1.4453125,17.5,-2.21875,-2.515625,-1.59375,0.0078125,0.09375,-2.109375,1.2265625,0.58984375,-0.013671875,-2.53125,-1.1328125,1.3125,-1.28125,2.453125,-1.90625,-0.921875,-0.26953125,-0.1904296875,-1.8828125,-0.234375,-2.734375,0.484375,0.98828125,-1.9609375,2.765625,-1.9765625,4.5,6.375
4,-3.46875,0.45703125,-0.06640625,0.55078125,-6.625,-1.7890625,-2.15625,-2.34375,2.984375,-1.6640625,-1.2578125,3.140625,-3.9375,1.5546875,5.65625,-1.84375,1.515625,0.15625,3.03125,12.125,-5.40625,-2.03125,-2.421875,0.671875,-4.0625,0.046875,-3.15625,2.046875,-3.453125,3.21875,2.578125,-0.9296875,-0.189453125,-2.59375,-1.75,0.6796875,4.875,-7.21875,-4.0625,-11.625,-3.8125,-3.03125,-1.921875,-1.6875,-0.48046875,-3.3125,3.125,-1.2109375,1.421875,-2.59375,1.734375,0.1953125,-2.34375,1.28125,-1.796875,2.5625,1.515625,4.5,3.546875,-0.1484375,0.828125,-1.375,1.96875,2.21875,-1.90625,3.75,-8.125,-0.9140625,-0.275390625,0.85546875,0.251953125,-5.75,3.328125,-1.296875,-2.734375,-2.28125,3.1875,-0.181640625,3.34375,6.46875,-0.81640625,-2.0625,-0.447265625,0.3046875,0.0390625,-0.0390625,-1.21875,-0.51171875,-1.515625,-1.7265625,1.328125,-1.0859375,1.3203125,2.078125,-0.25,2.328125,0.046875,-0.1328125,2.28125,-1.359375,1.5546875,2.6875,2.109375,-0.203125,-4.34375,-5.625,2.5625,-2.78125,-0.095703125,2.6875,13.125,-0.671875,-0.4453125,2.140625,0.064453125,7.03125,-0.33203125,0.91796875,-2.046875,0.91015625,0.984375,1.484375,1.09375,1.609375,2.1875,-2.21875,-2.421875,4.1875,0.046875,-0.1484375,-0.0625,-3.125,-7.84375,-1.4375,0.63671875,0.69140625,11.875,3.453125,-2.75,5.25,0.95703125,0.3828125,-1.4765625,-0.15625,-1.5546875,-0.625,-3.0625,2.125,-3.21875,1.34375,-0.1494140625,-1.2734375,-0.1015625,3.65625,-4.84375,-3.765625,-7.4375,3.59375,-1.0,2.96875,-10.75,-3.28125,2.8125,-5.53125,-1.3125,0.2392578125,1.015625,0.546875,-0.7890625,1.734375,-0.95703125,5.125,-0.58984375,3.21875,3.875,-1.359375,0.3046875,0.7421875,-1.71875,1.453125,-0.486328125,1.6875,0.78125,-2.375,1.0625,1.6875,1.3515625,-1.890625,-1.1875,-1.5625,6.4375,-0.1015625,0.28125,0.7109375,0.392578125,-6.625,2.109375,0.62109375,-0.7578125,-1.21875,-2.5625,-3.40625,-2.625,1.6875,0.9453125,3.015625,0.46875,-1.046875,-10.8125,-11.5,3.9375,1.8125,25.5,-0.7734375,-1.25,1.15625,-0.392578125,3.296875,2.171875,-2.34375,-4.71875,2.71875,-11.375,0.341796875,-4.4375,1.578125,-0.76953125,-3.1875,17.0,-1.109375,-1.390625,-3.765625,-0.369140625,2.703125,5.0625,0.09375,-4.1875,-2.625,-1.828125,2.78125,1.140625,-4.75,0.93359375,1.1875,-1.671875,-0.42578125,-2.0625,-2.03125,0.359375,-14.4375,0.046875,2.3125,-0.28125,-0.546875,2.609375,0.36328125,1.234375,1.2890625,7.53125,-0.578125,2.765625,-1.8125,-0.486328125,-0.35546875,-4.03125,-4.625,2.390625,0.02490234375,-0.5625,-1.328125,0.42578125,2.65625,3.125,1.9140625,2.0,2.171875,1.8046875,-3.40625,-0.84765625,-2.046875,3.078125,-0.67578125,1.4765625,-10.4375,0.59375,-1.734375,-0.83203125,-3.15625,-2.109375,0.625,0.5234375,-3.125,-3.71875,-4.1875,0.83203125,-0.19140625,-1.3203125,2.828125,0.9921875,-1.03125,-0.3828125,3.9375,-0.28125,-6.28125,0.1953125,1.515625,-0.30859375,-1.4453125,1.4375,5.625,0.609375,-4.25,2.484375,-1.0625,0.75,18.625,-5.875,-4.6875,1.828125,-1.09375,-11.8125,5.21875,3.21875,-2.0625,3.046875,-0.16796875,1.6875,-0.078125,5.15625,4.25,-1.1015625,-2.65625,-2.0,-3.15625,0.4453125,0.78515625,3.15625,-0.455078125,1.453125,1.453125,0.37890625,-0.357421875,3.78125,-1.578125,-1.6796875,3.734375,-0.5,-4.5625,4.15625,0.4140625,-2.5625,0.3828125,-10.1875,1.90625,-1.46875,-3.34375,2.34375,-2.84375,-10.6875,-0.07080078125,-7.5,2.65625,1.1171875,-1.7265625,0.75,0.2353515625,2.953125,-7.84375,1.59375,3.125,0.166015625,0.5,-0.97265625,-1.28125,-2.6875,0.8828125,0.1328125,4.78125,0.2265625,0.703125,-1.8359375,-0.03125,0.65625,-5.625,-0.212890625,-0.2109375,-1.3671875,1.2109375,-0.6796875,3.125,3.9375,-0.39453125,-1.171875,-3.671875,-0.6171875,-3.328125,-3.0625,-1.6484375,0.212890625,0.58984375,1.4296875,2.6875,-4.0,1.078125,-0.4453125,1.6640625,-0.515625,-0.1611328125,-1.9765625,2.390625,0.23828125,-1.734375,-2.59375,-6.15625,-2.625,25.875,0.0,-1.1328125,2.234375,-5.875,-1.734375,0.68359375,-0.38671875,0.74609375,-2.9375,-0.6171875,1.125,1.0859375,-1.5625,-2.546875,0.421875,15.5,-6.0,-0.7890625,-1.65625,1.671875,6.625,2.5,-2.375,-1.890625,-1.21875,-2.078125,2.796875,0.93359375,1.1015625,-0.6015625,-0.42578125,-2.28125,-0.251953125,2.9375,2.65625,-3.0,1.3984375,0.703125,-0.640625,-0.33203125,1.09375,-3.609375,12.3125,-1.25,2.703125,-3.515625,-1.5,-1.9375,-0.53125,-2.03125,-1.2265625,3.8125,4.21875,-2.890625,-0.6015625,-0.455078125,-1.8671875,-0.57421875,-1.546875,4.15625,-1.6484375,4.625,3.890625,4.25,-0.375,-0.08837890625,-0.220703125,2.265625,-1.265625,4.09375,-7.46875,1.328125,1.5625,2.03125,1.171875,-0.70703125,-3.765625,3.515625,0.361328125,-1.171875,1.046875,-0.3984375,0.82421875,0.38671875,3.9375,5.46875,-0.064453125,-0.5859375,4.5625,4.28125,0.703125,1.578125,1.890625,-3.625,-2.59375,-3.03125,-1.59375,-4.40625,1.0390625,-0.12890625,1.078125,0.859375,0.71875,1.8046875,-3.734375,1.25,-3.0625,2.75,-0.0703125,1.5703125,1.4140625,-3.515625,-1.109375,-2.828125,0.62109375,-1.953125,-1.0625,12.25,-2.5625,10.1875,0.8203125,-3.40625,-0.244140625,2.984375,1.4609375,7.84375,-1.0703125,-0.7421875,-4.65625,3.0,0.34765625,4.59375,0.34375,2.109375,1.4140625,0.5703125,0.5390625,-2.03125,-1.4375,-1.90625,-0.78515625,-1.7265625,-3.15625,0.001953125,1.4453125,1.296875,-5.21875,0.80078125,0.091796875,-2.25,1.640625,-1.4140625,-0.0234375,-1.4453125,0.52734375,-1.046875,0.09375,0.203125,-5.375,2.53125,2.5,8.0,-0.43359375,-0.4375,-2.4375,0.09375,-0.37109375,1.6484375,6.84375,1.75,-2.125,-0.828125,-3.9375,2.25,-1.40625,-7.28125,-2.34375,-0.9765625,-0.94140625,-1.984375,2.625,-0.609375,3.125,-3.25,-1.671875,2.28125,-0.703125,-3.328125,-0.60546875,-0.42578125,-1.1875,-0.41796875,0.166015625,0.234375,1.265625,3.65625,-3.140625,-5.09375,-1.1953125,-1.046875,0.04296875,1.5625,0.71484375,-4.59375,7.78125,1.875,-3.578125,0.44140625,1.9765625,-5.5625,1.375,1.53125,1.421875,0.15625,-0.01953125,1.8125,4.375,-4.71875,3.84375,-2.140625,-4.09375,2.109375,2.828125,-3.625,-2.40625,0.025390625,-1.453125,3.25,-6.8125,-1.0078125,2.421875,-0.546875,-2.40625,-0.0703125,-0.146484375,1.140625,0.20703125,2.9375,1.234375,-1.171875,1.0,-4.34375,-4.25,0.6484375,1.375,2.4375,-1.6875,0.072265625,-0.8671875,4.4375,0.3125,-6.625,-0.11328125,0.8359375,1.1875,-1.875,-0.126953125,9.3125,-1.171875,4.09375,-0.73828125,3.71875,0.6328125,-2.875,0.70703125,4.71875,-1.46875,-4.0625,1.9375,0.298828125,3.40625,-2.171875,-0.5390625,0.1875,19.875,-2.484375,-1.7578125,-58.25,-0.76171875,6.375,1.96875,-0.92578125,0.3359375,5.75,-4.4375,3.546875,-1.40625,-0.81640625,-2.203125,-1.0859375,2.3125,2.96875,-2.203125,-0.921875,1.1171875,1.578125,4.1875,0.79296875,-2.09375,-3.6875,0.5078125,1.5703125,-0.2216796875,0.7578125,6.6875,2.328125,2.25,2.140625,3.0625,1.5078125,1.40625,-4.53125,1.671875,0.89453125,2.21875,2.125,3.296875,0.2734375,-7.46875,3.265625,-0.99609375,1.421875,4.375,-0.54296875,-0.2734375,1.671875,-0.96875,0.203125,-0.8203125,-1.703125,0.421875,-1.8984375,0.765625,2.0625,-0.89453125,-1.203125,-21.625,-3.5,-1.75,0.95703125,2.421875,0.1875,-3.28125,-2.203125,0.26953125,-1.40625,-2.078125,2.25,-2.109375,-2.515625,0.197265625,0.546875,-13.9375,1.15625,0.041015625,-0.609375,2.40625,-1.046875,-0.134765625,1.40625,-2.28125,1.3046875,3.71875,3.359375,-0.478515625,-1.7890625,-1.65625,0.88671875,-6.21875,1.125,-10.4375,0.26953125,0.1953125,-0.447265625,-10.8125,-0.9375,-1.96875,-1.671875,4.875,-2.9375,0.89453125,3.34375,-3.3125,2.015625,0.0009765625,-1.4140625,-2.234375,2.453125,6.0,-0.953125,-0.03125,1.09375,-1.5546875,-3.375,1.859375,0.53125,0.140625,-1.984375,1.09375,0.44921875,-0.3203125,1.8671875,-2.234375,-6.65625,-3.6875,1.8203125,4.75,2.0,2.765625,-0.53125,-1.03125,2.5,3.1875,-3.21875,0.921875,0.25390625,0.25390625,-7.0,1.8125,0.984375,-3.46875,2.28125,-1.8203125,0.921875,-1.21875,4.90625,6.4375,1.2265625,3.984375,-3.21875,-2.109375,-0.73046875,0.26171875,7.25,-2.4375,-2.828125,-1.484375,10.1875,2.984375,-2.765625,0.296875,-0.53515625,-7.875,3.625,-1.8359375,-1.46875,-0.7578125,2.390625,3.0,0.3046875,-3.0625,8.625,-0.03515625,1.46875,-0.9921875,-1.421875,2.53125,0.72265625,-0.388671875,1.7109375,-1.53125,3.46875,-1.4296875,8.0625,0.72265625,3.15625,2.140625,-1.8359375,0.22265625,-2.015625,-2.484375,3.15625,-1.15625,3.65625,7.5625,-1.421875,-1.578125,2.46875,1.0859375,2.6875,-5.0,-1.34375,-2.0625,1.8515625,1.65625,-2.0625,-2.8125,7.53125,-0.625,3.015625,0.482421875,2.5625,-6.21875,1.84375,2.40625,1.171875,-1.0859375,1.1484375,5.625,0.453125,-2.640625,-0.05078125,6.15625,0.90234375,-1.7578125,-2.4375,-19.875,-1.5625,-0.91796875,-0.6171875,2.0625,-2.1875,-4.25,-3.171875,-1.515625,0.70703125,-1.953125,-2.515625,1.46875,2.375,0.73046875,-2.34375,1.9609375,-2.15625,-6.53125,-0.80859375,-4.3125,-0.1611328125,-0.3984375,0.69921875,-0.75,4.0625,-1.21875,3.53125,5.375,0.498046875,1.40625,0.2255859375,7.15625,1.3515625,2.71875,-0.8515625,-5.59375,3.484375,-2.25,4.1875,0.890625,0.4140625,-1.09375,2.484375,2.546875,-4.40625,-0.41796875,-4.03125,2.15625,-0.86328125,-1.8046875,-1.921875,1.046875,-2.734375,2.1875,-1.3359375,0.1796875,-0.828125,-1.7265625,-4.8125,-4.21875,3.1875,5.625,-2.28125,-0.1953125,-2.421875,-0.4921875,-3.03125,-5.15625,-1.921875,-1.359375,-19.875,0.1640625,-1.140625,1.921875,-1.8359375,-2.828125,-0.62890625,-2.40625,5.40625,0.98046875,-1.6796875,-0.66015625,1.421875,0.35546875,-0.38671875,2.4375,-19.25,-2.25,-1.8203125,1.421875,-0.1474609375,1.0234375,6.03125,-1.3984375,1.640625,1.90625,3.90625,1.53125,1.015625,16.75,-2.46875,-0.2421875,3.515625,0.326171875,-0.4453125,1.015625,-2.546875,-0.46875,-17.5,-2.46875,-2.46875,-2.234375,-0.28125,1.5859375,-0.06640625,4.8125,-1.453125,-1.2265625,0.2890625,17.75,0.671875,-1.5859375,-0.921875,5.875,1.234375,0.8203125,-3.8125,-5.03125,0.24609375,11.9375,-2.53125,-2.53125,-2.71875,-3.6875,-1.8203125,-2.03125,-5.125,-3.15625,1.640625,1.3203125,1.828125,0.7265625,1.4375,11.4375,0.53125,-0.7578125,1.7109375,2.765625,-0.18359375,-0.0078125,2.265625,2.859375,-2.15625,1.6875,-1.5625,-0.6953125,0.271484375,-0.439453125,6.6875,-2.015625,1.046875,-1.8671875,1.2109375,0.220703125,0.392578125,2.859375,4.03125,-3.6875,-2.8125,3.640625,-7.28125,1.078125,-2.15625,2.859375,-1.921875,1.3046875,3.15625,-0.2578125,3.5,6.71875,-0.48828125,-0.57421875,-2.25,-0.9609375,3.6875,0.0625,-0.1953125,1.1171875,-1.96875,-7.625,1.2734375,1.9921875,2.375,-2.703125,-0.0234375,0.78125,-1.625,1.515625,-10.125,-1.109375,0.75390625,0.5078125,7.5,1.0390625,-0.205078125,0.4921875,2.0625,-2.5625,1.171875,-4.0625,-0.62109375,2.328125,2.515625,-7.5,-0.2412109375,-2.4375,5.21875,-0.890625,-2.90625,0.796875,0.10546875,-1.359375,12.75,-7.53125,-6.125,-6.46875,0.08984375,-5.1875,-2.71875,-0.44140625,0.734375,-2.453125,0.1640625,-4.5,0.7890625,-4.46875,-5.1875,-1.015625,-3.359375,-1.53125,-0.05078125,-0.046875,-1.6484375,0.09375,-0.4375,-1.8515625,-0.14453125,2.25,-1.671875,-3.796875,-1.5859375,-4.625,-3.03125,-1.65625,0.140625,-3.015625,4.28125,0.47265625,-1.75,2.75,0.7421875,-5.625,-1.8046875,-3.203125,-1.1015625,2.765625,1.359375,4.875,0.84765625,1.1171875,-3.5625,-1.890625,-0.7734375,1.8046875,0.609375,-1.875,-4.40625,1.234375,1.546875,0.90625,4.53125,-3.90625,3.8125,0.51953125,0.76171875,3.125,1.328125,-2.09375,-0.44921875,-1.2265625,1.1953125,-0.640625,-2.28125,2.515625,0.90625,-0.0234375,3.890625,7.4375,0.83984375,2.28125,-3.140625,-2.015625,-1.46875,-2.25,0.50390625,1.6953125,-0.0947265625,6.9375,-1.2109375,3.921875,-1.875,2.515625,-3.03125,-4.71875,0.890625,-2.59375,-0.140625,0.21875,-5.5,-6.5,-0.53125,-1.6796875,29.125,-2.546875,2.84375,-2.609375,-8.875,4.0625,0.123046875,2.359375,-1.921875,2.53125,-0.359375,5.15625,-0.58203125,1.9609375,-1.1640625,-1.3125,2.40625,-1.3125,-1.5390625,-12.5,0.7421875,-2.96875,0.96484375,1.296875,-1.5625,-7.1875,-2.390625,5.96875,1.3984375,-2.6875,-2.234375,-3.015625,-3.640625,0.53125,-2.40625,5.34375,-9.75,-0.625,-0.388671875,-0.46875,-1.1640625,-1.4140625,-5.46875,9.25,-2.71875,-2.25,-3.96875,1.3125,2.1875,0.96875,-0.94140625,3.578125,-0.017578125,18.25,-1.0390625,0.0,4.09375,1.796875,2.140625,-0.41015625,-0.640625,1.9140625,-15.0,-0.072265625,2.4375,5.5,-1.703125,1.4453125,3.15625,2.40625,1.0625,-0.53125,0.09375,0.9921875,0.01171875,1.6328125,3.375,-0.51171875,-3.375,-2.140625,-2.15625,8.8125,1.171875,-3.90625,-0.001953125,-0.62109375,-1.203125,1.4140625,-3.75,-0.234375,1.5859375,1.1484375,5.84375,7.9375,3.6875,4.71875,-3.828125,-0.796875,0.52734375,-0.375,-0.6484375,-1.34375,-0.064453125,-0.263671875,-0.7890625,-0.08984375,0.0234375,-0.365234375,1.21875,-3.8125,-2.4375,-0.0859375,0.28125,0.890625,-1.953125,0.609375,0.3984375,-1.328125,-0.0703125,-3.09375,4.65625,-1.2734375,0.8359375,1.1953125,14.0625,0.59765625,-8.4375,-11.875,1.0234375,-0.58203125,2.828125,-1.765625,-1.46875,3.359375,-1.859375,-0.3828125,-1.265625,0.34765625,-0.63671875,4.125,0.4453125,0.2890625,-1.34375,1.96875,1.0,2.15625,-0.453125,0.4765625,-0.42578125,0.390625,1.296875,1.78125,1.15625,-0.5078125,-4.21875,1.0859375,-1.28125,-0.7890625,0.390625,0.83203125,1.2578125,-1.328125,-2.640625,0.9375,-0.076171875,-1.28125,0.5625,-0.3671875,3.96875,1.8515625,-4.15625,-1.0703125,-3.703125,-1.03125,2.25,0.67578125,0.4296875,7.21875,0.03515625,0.8359375,2.421875,4.4375,-1.1328125,-0.9140625,1.4296875,7.875,-0.203125,-3.609375,1.2109375,-3.140625,-6.75,0.796875,-1.0859375,3.15625,-1.9453125,-1.34375,0.625,0.9765625,-2.265625,-1.40625,2.984375,-1.953125,5.3125,-6.34375,-0.34375,2.640625,3.09375,-5.84375,-0.96875,1.6640625,3.0625,-4.9375,1.234375,-3.78125,-0.76953125,2.140625,10.5625,2.0,-1.0546875,11.375,0.7578125,0.07421875,-2.15625,-5.0,-2.984375,7.9375,-4.28125,-6.1875,3.375,1.5546875,-0.046875,-3.515625,-6.5,-3.640625,-2.546875,1.9375,-1.2734375,9.125,4.6875,-2.4375,3.34375,-0.10546875,-2.171875,2.359375,-0.8671875,-3.53125,4.03125,-2.96875,0.32421875,-2.515625,-3.0,1.9375,-1.609375,1.3984375,10.5,-0.640625,-2.015625,0.4453125,-1.5,9.75,4.875,1.203125,2.0625,1.09375,-2.671875,-2.03125,0.890625,2.46875,1.703125,-0.146484375,0.5078125,-3.296875,-4.5625,-8.6875,-0.2353515625,-0.240234375,-1.8359375,-2.34375,-5.15625,0.63671875,2.125,2.03125,-4.28125,-4.78125,6.0625,-1.078125,1.65625,-0.103515625,-0.173828125,-0.55859375,-2.96875,-2.859375,3.578125,0.1484375,1.1796875,-5.75,4.125,-0.046875,1.515625,-1.640625,-2.5,-2.3125,-1.3125,-1.6015625,4.34375,-13.125,4.96875,0.28515625,-4.78125,0.20703125,0.515625,0.27734375,-8.5625,-1.359375,-2.890625,-0.7734375,-4.25,0.765625,-3.40625,-5.21875,0.055419921875,6.78125,-1.65625,-1.859375,-1.390625,0.6328125,1.25,-1.1171875,-0.06640625,0.0888671875,2.234375,-0.302734375,-2.71875,0.59375,1.6875,-3.265625,-0.96875,1.96875,-2.625,-1.2578125,2.34375,1.7734375,-0.01953125,0.171875,1.15625,5.0,4.75,-1.4140625,-0.64453125,0.375,3.53125,-0.609375,0.1015625,1.0703125,0.09375,3.34375,-1.8046875,8.5625,1.140625,0.24609375,-0.640625,-2.75,3.078125,-0.98046875,-11.9375,-4.8125,2.875,-0.5546875,0.021484375,-0.4765625,-2.71875,-3.53125,-2.328125,0.5390625,-3.0,2.34375,-0.41015625,-1.796875,-1.3125,1.4375,2.6875,-3.125,-0.828125,7.46875,1.875,1.703125,3.421875,0.5859375,-4.875,1.609375,-0.58203125,-4.40625,-3.53125,-1.671875,3.875,-1.921875,-1.7109375,3.984375,-1.578125,2.203125,2.75,1.234375,2.765625,-0.1796875,-2.25,-3.28125,-0.0390625,-4.5,-2.15625,2.921875,1.96875,-3.15625,14.25,4.875,0.265625,3.1875,1.2109375,-1.578125,-3.90625,-1.6171875,2.3125,0.015625,1.6796875,0.5390625,-0.1083984375,-2.1875,-0.4453125,3.359375,-1.4921875,-2.5625,0.32421875,-8.6875,-2.6875,9.0,-3.96875,-5.90625,4.5625,0.48046875,-1.25,-5.0625,6.46875,-0.6171875,-3.234375,0.3828125,1.046875,-1.0625,31.875,2.125,0.3671875,5.6875,-3.9375,4.75,-0.2265625,-2.046875,-3.359375,-0.5625,-0.734375,0.8984375,-0.828125,0.69140625,-4.71875,-2.515625,1.828125,1.0625,11.375,1.484375,2.703125,-5.71875,-2.40625,-2.28125,-8.0625,-0.28125,3.5625,-2.84375,5.375,-0.478515625,3.09375,3.859375,3.84375,-2.15625,3.90625,-1.859375,-0.166015625,-0.8046875,-0.03515625,0.0771484375,2.9375,-0.0078125,0.734375,-1.015625,2.34375,2.953125,-1.265625,7.25,-1.03125,-1.9375,-1.609375,2.09375,2.4375,-2.34375,-1.375,1.109375,-2.78125,-1.8359375,-2.4375,-4.125,-5.9375,0.50390625,-0.5859375,-4.9375,-1.3671875,4.5,-1.578125,-0.296875,0.1484375,1.234375,-2.203125,3.875,3.34375,8.8125,2.0625,-3.625,-1.109375,-2.890625,-0.85546875,-5.40625,0.126953125,-2.40625,1.140625,-0.41796875,0.3671875,-0.75,1.09375,0.44921875,-1.796875,-5.6875,0.7890625,-0.14453125,-4.6875,0.2109375,-2.953125,0.4609375,-0.431640625,0.9375,-3.53125,0.486328125,8.875,-3.3125,1.859375,-1.7421875,-4.3125,-1.5859375,0.79296875,0.1875,-1.8125,-4.75,1.453125,2.9375,1.296875,-1.8046875,-1.1171875,1.1953125,-3.828125,-1.375,-1.6875,-11.8125,-0.9296875,2.234375,3.8125,1.140625,8.75,2.5,0.015625,0.625,-3.984375,0.6015625,-7.40625,-0.3359375,-2.0625,11.6875,3.203125,-2.9375,1.765625,-2.921875,-13.8125,0.35546875,1.8671875,-4.65625,-0.8671875,-1.6875,-5.5625,-0.5078125,0.26953125,-1.53125,0.125,-7.28125,3.21875,0.81640625,-0.25,1.375,1.53125,21.875,4.6875,-3.15625,-0.53125,-3.875,-3.109375,-19.25,-5.15625,-0.7578125,0.349609375,-0.31640625,10.3125,0.87890625,1.78125,1.46875,-0.1328125,-1.484375,-3.421875,1.4609375,-0.9296875,3.015625,0.94921875,-1.390625,-2.5625,1.984375,-6.6875,-6.0,-0.6875,6.125,-6.71875,0.2314453125,3.46875,-1.453125,0.25,-3.109375,-2.328125,0.8203125,-1.3125,-0.83984375,-1.8359375,1.4921875,-2.4375,1.6796875,-1.28125,-0.33984375,-2.234375,2.1875,-0.28515625,4.65625,-2.046875,-0.3359375,0.33203125,-2.703125,4.375,2.9375,0.4765625,-0.2578125,0.02734375,-1.9375,-0.265625,-0.91796875,6.0,2.125,-9.3125,0.8671875,-0.66796875,1.484375,-1.921875,0.5,0.0546875,-6.15625,-2.25,-1.7734375,4.03125,2.1875,-2.0625,-1.1796875,-2.390625,-0.1328125,2.15625,0.6875,2.1875,2.234375,-4.1875,0.73046875,-7.53125,-0.609375,3.484375,-8.125,2.25,2.125,-2.3125,0.34765625,1.234375,-3.78125,-1.25,0.5625,0.31640625,-4.9375,1.359375,-0.55859375,-5.28125,-1.1875,0.30859375,3.6875,0.373046875,0.73046875,0.5546875,6.25,4.84375,-4.1875,3.28125,-1.171875,-1.5078125,-7.78125,-0.34375,-1.375,-1.0703125,-1.6171875,1.6875,-0.119140625,0.9296875,2.6875,-0.890625,-2.015625,0.15625,-1.390625,-4.3125,3.1875,-0.44140625,3.78125,-0.083984375,0.8515625,4.3125,1.2734375,-5.5625,-4.09375,0.51953125,0.58203125,-2.390625,-0.2255859375,-1.4140625,-2.65625,-4.5,-2.078125,3.921875,-1.484375,-2.265625,-1.046875,3.1875,-12.875,-3.171875,-0.6328125,-1.390625,1.4140625,1.6171875,3.53125,1.2890625,0.373046875,0.875,-0.0390625,0.8203125,0.10546875,6.71875,-0.7734375,-1.203125,0.380859375,0.2265625,-3.46875,2.734375,9.25,1.2890625,2.359375,1.078125,-1.8671875,0.8828125,-1.640625,-2.421875,0.1796875,0.177734375,3.515625,-0.9375,-3.625,3.453125,0.1875,0.5,0.7734375,0.421875,0.921875,0.1953125,-2.28125,-0.25,-3.484375,0.19921875,-1.34375,0.52734375,-1.015625,1.078125,-0.9921875,0.5078125,8.0,1.0546875,3.703125,-4.21875,-3.125,-1.109375,-5.09375,-1.484375,1.1796875,-3.296875,-3.09375,1.421875,-2.625,-3.09375,-8.625,1.6015625,1.859375,-2.625,-0.0390625,-3.65625,-2.875,-1.953125,1.203125,1.8671875,3.515625,2.40625,1.8671875,-1.71875,-1.328125,5.5,1.3046875,-10.5625,5.53125,-7.8125,-3.1875,1.328125,1.859375,2.59375,2.75,-4.4375,-2.71875,1.15625,2.328125,0.466796875,-3.84375,-1.765625,1.1015625,-1.3671875,-3.1875,-0.0078125,2.859375,2.609375,-13.0,-17.75,3.65625,-2.109375,-1.96875,-1.25,-3.34375,-2.640625,-0.51953125,-9.4375,-0.609375,-1.8671875,-4.625,1.9921875,2.53125,1.765625,-1.34375,-2.421875,2.375,0.234375,3.65625,-2.109375,1.78125,0.0703125,-2.15625,-1.46875,1.703125,-0.08203125,-3.1875,-0.921875,0.16015625,-1.25,1.953125,-5.34375,-1.3984375,2.0625,-2.328125,-2.375,-0.25390625,0.75,-10.5,-0.59375,-5.0625,1.21875,-1.046875,-1.2265625,-1.703125,-3.53125,5.28125,1.109375,-0.6953125,2.796875,-4.3125,-1.9375,1.125,-0.69921875,-1.1484375,-1.8828125,2.15625,3.890625,-2.453125,0.431640625,-3.6875,-12.875,0.341796875,1.4140625,-0.73046875,1.3671875,-9.8125,3.8125,-1.953125,1.1171875,1.2890625,4.28125,-0.78515625,0.796875,-6.03125,-2.125,0.2734375,-1.421875,0.6796875,1.671875,4.03125,-2.328125,-4.625,-2.90625,4.5625,-1.0546875,2.359375,-7.75,0.326171875,3.1875,-5.46875,-0.1796875,0.16015625,5.71875,-1.8125,-1.109375,0.83203125,-1.8828125,-6.28125,2.453125,3.6875,-1.546875,-1.53125,-2.59375,0.9140625,0.5390625,1.453125,-0.333984375,12.6875,-5.625,-0.703125,1.921875,-7.65625,-1.7109375,5.59375,1.7890625,-1.328125,-0.25,-1.0,-0.15234375,0.921875,2.671875,-1.0625,0.140625,3.140625,2.71875,-0.62890625,3.234375,6.15625,0.8046875,2.265625,1.96875,5.25,-0.90625,-3.25,0.7109375,-0.140625,-3.21875,8.875,0.98046875,-6.25,0.22265625,0.9140625,5.28125,0.421875,-35.75,-0.484375,-1.8125,-1.9453125,-0.91796875,2.1875,-3.171875,2.546875,0.09375,-1.578125,-0.4765625,2.140625,-5.1875,5.96875,-1.421875,1.203125,-0.8125,-2.28125,0.0625,0.484375,-1.2734375,-2.0,-0.61328125,-0.7421875,2.453125,-0.578125,2.0,1.1328125,0.51953125,2.0,-0.0546875,0.1484375,0.6796875,3.96875,0.546875,3.03125,-7.03125,-1.140625,0.431640625,3.53125,-3.5,-1.4765625,-14.3125,-1.234375,0.4921875,1.4609375,0.9375,-0.65234375,0.1796875,1.8125,4.71875,-1.609375,-0.359375,0.6875,3.046875,0.11669921875,-3.375,-5.40625,-0.1953125,3.984375,2.15625,0.310546875,-1.3359375,-0.96875,0.4765625,-0.28515625,2.6875,-0.43359375,-4.03125,-1.109375,1.796875,1.0,-0.1396484375,-5.875,0.41796875,-0.81640625,-1.46875,-3.546875,4.15625,-0.15625,2.46875,7.5,-0.20703125,-2.40625,0.193359375,0.03515625,-3.484375,-2.15625,0.189453125,-2.859375,-0.71875,7.78125,-3.875,0.34375,-1.6640625,-4.3125,1.5,-0.3515625,-2.671875,2.984375,1.140625,0.91796875,2.1875,2.140625,-4.3125,-0.96875,-5.0,-1.4609375,1.6875,-2.75,3.46875,-1.1875,-4.28125,-1.359375,4.65625,1.0078125,4.8125,2.234375,1.875,-0.62109375,1.84375,1.6484375,-2.78125,3.8125,-1.6328125,2.890625,0.1953125,-2.03125,0.220703125,-1.2890625,4.4375,-3.90625,7.28125,1.4296875,0.45703125,2.890625,-9.0,-0.052734375,-0.5703125,0.388671875,0.19140625,-0.26171875,0.875,-4.6875,-1.6328125,0.390625,-4.375,0.2578125,-3.34375,-0.5234375,1.921875,4.03125,-3.40625,21.25,0.48828125,2.171875,-2.296875,-0.39453125,2.96875,-2.71875,1.46875,-7.5625,3.796875,-0.13671875,-2.5625,2.59375,3.796875,-5.5,-0.68359375,1.078125,-9.6875,-0.12890625,-1.296875,2.34375,-1.796875,0.6015625,-6.53125,1.765625,-2.796875,-0.0859375,1.25,0.7109375,1.359375,-60.0,-1.796875,3.296875,-0.609375,-6.5,2.46875,-0.765625,6.6875,-4.25,-0.859375,-2.515625,-1.0859375,-0.94921875,-1.6875,-5.3125,-0.59375,-0.734375,-1.09375,-0.7109375,-5.53125,-3.4375,4.125,-0.578125,2.9375,-2.625,-2.0625,0.8828125,3.171875,-5.15625,3.015625,-2.296875,3.828125,0.484375,1.59375,0.734375,-2.21875,1.40625,2.84375,-2.0625,2.40625,-6.53125,-0.59375,2.25,1.9375,-5.375,0.13671875,18.625,0.5078125,-2.65625,-4.03125,5.1875,2.15625,3.546875,1.6796875,-2.09375,2.34375,0.2890625,0.65625,0.55078125,-3.046875,0.1015625,-0.734375,-0.18359375,-0.92578125,5.25,2.65625,3.875,-5.4375,2.203125,2.65625,-2.8125,2.90625,-2.09375,4.8125,-2.5,-2.390625,-3.75,-5.4375,-0.6640625,-9.8125,-5.5,-3.046875,1.046875,1.734375,-5.09375,2.4375,-0.90625,-0.5546875,-1.796875,-1.0,0.03125,-3.3125,-1.65625,0.8359375,-2.25,1.3359375,0.27734375,2.265625,2.28125,-1.5859375,-2.078125,2.84375,1.203125,-5.375,0.58984375,1.1171875,0.1552734375,0.22265625,-1.09375,-0.28515625,5.1875,-0.92578125,-2.90625,-1.0546875,0.71484375,0.2265625,-1.15625,0.7734375,-8.375,-1.3203125,-0.921875,-1.5703125,-0.171875,-2.1875,-3.40625,1.78125,-0.9453125,-3.09375,5.8125,-2.453125,-0.90625,-1.703125,1.703125,5.40625,-6.5625,1.296875,-0.50390625,-3.890625,-1.7421875,3.6875,-1.03125,-9.5625,-5.96875,-2.609375,-0.11328125,-2.9375,4.4375,0.640625,3.8125,-0.59375,-3.0,-1.734375,-8.6875,1.6015625,1.0078125,-1.265625,0.3671875,-3.734375,1.8828125,-0.796875,-0.78515625,2.796875,3.984375,0.0546875,1.765625,1.390625,-1.4765625,2.09375,0.125,-1.2578125,-2.078125,1.515625,1.390625,1.5390625,-2.375,-2.1875,-0.25,5.53125,-3.859375,1.453125,5.09375,0.25390625,-1.5078125,1.8046875,-1.5,-1.0,-2.9375,-0.044921875,0.92578125,7.625,-1.9375,0.0224609375,-0.21484375,-1.28125,-1.96875,1.4375,-0.1298828125,-0.3125,-1.25,-0.7578125,2.625,-1.0546875,1.859375,0.16015625,-3.390625,-0.388671875,-1.8125,-0.6328125,22.75,1.90625,-2.25,0.390625,-3.5625,1.1875,-1.09375,-2.21875,-0.185546875,-8.4375,0.51953125,-4.375,2.5625,1.0078125,-1.375,-1.640625,2.046875,0.640625,2.5625,-1.9375,0.216796875,12.875,-0.427734375,-2.421875,-8.9375,-1.75,5.59375,3.125,-2.40625,3.0625,1.40625,4.5625,-2.625,-0.65234375,-2.25,1.5234375,-1.6328125,-20.875,-0.9453125,1.609375,-1.0234375,2.71875,-1.25,-2.546875,-0.27734375,-0.421875,0.421875,-1.125,-3.46875,-4.25,-1.53125,-5.625,2.25,-0.0169677734375,-0.765625,-3.390625,-5.9375,1.0703125,-0.3515625,-3.140625,1.84375,1.1640625,-1.96875,2.515625,0.125,-2.5,2.609375,0.7734375,0.9765625,-0.80078125,0.1640625,1.234375,1.0859375,-8.625,25.0,-3.015625,-0.263671875,-1.4375,0.44921875,-1.28125,3.15625,-0.56640625,-0.2177734375,0.6953125,-3.25,2.34375,-2.359375,-0.84765625,-0.74609375,11.125,2.421875,-2.375,0.203125,4.09375,-7.75,0.77734375,0.5,0.46875,-0.18359375,-2.46875,1.8125,-1.3984375,-3.0625,0.203125,0.7734375,3.1875,2.046875,0.7421875,-3.09375,-1.890625,8.3125,2.53125,0.5078125,-2.90625,-1.8515625,-2.75,-9.0625,-0.255859375,2.5,2.796875,1.8203125,-1.8203125,-3.03125,-0.8828125,2.765625,0.7421875,5.25,-4.59375,-1.453125,5.4375,-0.84375,-0.60546875,-0.93359375,2.796875,-1.515625,-1.5703125,-6.5,2.609375,1.375,1.234375,1.53125,0.2216796875,0.984375,-9.3125,6.90625,-0.8046875,0.30078125,-0.12109375,-6.65625,6.46875,2.15625,1.0703125,1.5,20.125,-3.6875,0.921875,-1.9609375,-2.5,0.138671875,3.0625,2.5625,7.59375,0.84765625,-4.03125,2.578125,2.84375,1.734375,-1.9921875,-0.2890625,-1.359375,0.40234375,-4.46875,-3.296875,0.51953125,-0.7109375,-0.703125,0.16796875,-2.1875,0.34375,0.00830078125,-0.1298828125,-4.6875,1.78125,-0.78125,-1.4453125,-1.046875,0.419921875,0.06640625,-12.5,-0.640625,-5.125,-0.36328125,-0.65234375,1.1328125,0.166015625,-1.046875,-0.19921875,4.125,0.25390625,-0.9609375,-5.3125,0.1015625,-1.859375,1.4765625,-3.984375,-0.404296875,-2.078125,-24.875,8.0625,0.9140625,-3.28125,-4.125,-3.03125,-1.796875,0.8515625,0.8515625,0.44140625,2.609375,-1.03125,3.296875,0.240234375,3.171875,2.375,2.0625,-2.5625,1.9375,-0.33203125,3.453125,-0.16796875,9.0,-3.75,-1.75,0.390625,11.375,1.1484375,1.984375,0.296875,2.78125,0.56640625,-4.375,-0.3984375,1.5703125,-0.99609375,-2.40625,1.1015625,1.484375,0.359375,-0.390625,3.734375,-3.640625,-6.65625,-0.71875,-1.3125,3.09375,1.4296875,-0.427734375,0.181640625,-2.59375,0.34375,-0.546875,9.0,-0.7421875,1.546875,-0.87109375,1.203125,2.015625,-4.0,1.8984375,-3.109375,-1.90625,-4.96875,-4.3125,0.41015625,0.5,10.0625,0.96484375,-3.78125,1.0625,3.765625,-1.4921875,-3.21875,0.66015625,-0.796875,-2.140625,0.859375,-4.21875,-0.7421875,-1.28125,10.75,8.25,1.5,2.0625,-0.125,1.21875,-1.78125,2.984375,0.21875,-7.40625,0.87890625,8.5,1.375,-0.953125,1.609375,4.46875,-1.8828125,-2.5625,0.12109375,2.453125,-2.34375,2.515625,0.7109375,-0.9921875,2.0625,-1.375,32.75,2.5625,-2.96875,24.25,-0.80859375,-2.078125,-2.21875,2.125,-2.875,0.189453125,-1.1796875,-0.1484375,2.6875,-2.109375,-5.8125,1.59375,-1.1953125,-1.6953125,0.44140625,-1.5234375,1.984375,0.396484375,0.435546875,-2.640625,-11.125,0.07421875,4.65625,1.2890625,1.515625,-2.609375,-2.734375,-2.75,1.4140625,-1.515625,-0.359375,-1.1640625,0.7578125,-7.25,2.25,-3.859375,-8.6875,-2.046875,-1.84375,2.71875,3.578125,-2.4375,-0.80078125,3.5,-3.625,0.88671875,-1.25,-4.15625,3.453125,-2.40625,-0.59375,-3.65625,4.1875,-0.1484375,-0.59375,-2.515625,-1.265625,-5.9375,0.546875,-1.7578125,3.859375,-2.6875,-2.953125,-2.453125,2.046875,-7.625,-0.859375,0.2734375,2.28125,-2.234375,-2.25,2.578125,-1.953125,-1.859375,-1.875,2.125,10.0,1.6328125,-11.75,0.28125,0.7578125,-3.140625,-1.0546875,-19.5,2.453125,20.25,-4.0625,0.25,19.0,-0.8828125,-3.453125,0.8125,6.125,2.625,-5.9375,-0.5234375,-2.09375,6.28125,-4.25,0.23046875,-0.01171875,-1.1953125,-0.04296875,0.7890625,-3.640625,5.03125,8.5,-1.90625,-1.3203125,-0.53125,0.8828125,-1.9296875,-3.0625,-2.484375,-0.138671875,5.0625,-2.34375,1.4296875,-2.1875,-6.0625,0.087890625,-2.125,-0.62109375,2.078125,-2.03125,0.0859375,-1.21875,-5.125,-0.55859375,-1.015625,2.984375,-1.7734375,5.34375,-1.75,-0.203125,-2.8125,2.34375,0.6640625,0.095703125,-3.125,-56.75,-1.046875,-3.40625,0.828125,-3.53125,-0.90234375,1.09375,-2.03125,-0.90625,1.171875,0.4921875,-1.859375,0.16015625,2.6875,1.6953125,5.1875,5.875,-7.15625,3.09375,-1.1015625,-6.0625,3.171875,2.515625,-0.98828125,0.7890625,-1.71875,1.40625,-1.015625,2.15625,-2.125,0.74609375,2.828125,0.189453125,6.5,6.8125,0.59765625,-9.5,0.384765625,2.78125,5.46875,7.5625,-5.5625,0.1171875,2.4375,-17.0,-3.40625,3.46875,3.03125,-3.40625,-4.25,-2.640625,-1.84375,0.205078125,-0.9765625,2.28125,3.890625,2.21875,-1.6796875,5.78125,-1.203125,4.75,3.75,1.390625,-1.765625,1.34375,-4.375,3.75,1.5703125,3.078125,-2.875,0.52734375,0.98046875,6.46875,-1.34375,-2.5,-4.90625,-0.5390625,0.859375,-1.46875,1.484375,3.40625,-1.078125,0.94140625,1.640625,-0.021484375,-1.03125,-5.4375,3.4375,3.25,0.73828125,-3.234375,-0.8984375,-0.005859375,-1.0078125,-0.8515625,1.7890625,0.77734375,3.15625,-1.5390625,-0.24609375,-0.640625,1.890625,2.5,-0.875,3.21875,4.3125,1.3984375,6.34375,-0.404296875,2.5625,-0.7109375,1.0625,1.421875,6.375,-4.25,2.5,0.078125,-7.65625,-0.6875,-6.25,-1.5078125,2.6875,5.09375,0.65234375,0.46875,-2.28125,1.171875,-1.765625,-1.2890625,-0.81640625,2.53125,0.9140625,-2.453125,0.38671875,-0.8203125,-2.75,-4.3125,4.71875,-2.203125,12.0,0.703125,-1.96875,2.0,-0.5625,-0.14453125,2.015625,2.796875,0.1953125,1.6796875,-11.0625,0.12109375,-1.078125,-1.03125,16.625,-0.3515625,-0.125,-4.75,-2.140625,1.3359375,-2.0625,0.3515625,0.1328125,-0.390625,2.21875,-3.765625,-0.9375,0.40625,-6.84375,-1.359375,0.828125,-0.1875,1.203125,2.03125,-3.484375,-3.890625,-2.0,1.375,4.21875,-2.921875,-1.59375,-1.9921875,-6.0,-8.125,-1.671875,-0.130859375,-2.28125,-1.171875,-0.53515625,0.31640625,1.84375,1.7109375,2.53125,1.359375,-0.3125,2.9375,2.4375,5.375,-2.21875,-1.390625,0.34375,-0.87109375,2.359375,-1.59375,-3.203125,-2.8125,0.59375,1.3515625,2.90625,-10.4375,1.984375,-0.4296875,-3.46875,1.59375,1.9375,-0.8203125,1.6328125,2.46875,5.65625,-0.66015625,-0.70703125,-9.5,-2.0625,-2.296875,-0.5,3.125,-4.03125,0.58984375,-0.8515625,-2.15625,-2.484375,5.71875,-4.03125,0.30078125,0.4375,-0.26171875,4.28125,-1.515625,-4.40625,-0.265625,0.390625,1.5234375,0.83984375,2.453125,-0.953125,0.921875,-0.310546875,-1.0,0.45703125,-2.84375,-18.25,-1.8984375,-0.427734375,-4.125,5.96875,-0.85546875,-0.92578125,0.390625,3.53125,-4.65625,0.0546875,3.890625,1.984375,-2.921875,-3.921875,1.203125,1.15625,-0.7109375,-1.5625,-1.109375,-5.375,-10.25,-0.28515625,-1.1875,-1.3046875,2.828125,-3.40625,-0.81640625,0.06640625,0.146484375,-9.25,0.15625,-4.28125,-4.46875,1.671875,2.84375,1.2265625,-3.078125,1.46875,-4.09375,-18.75,0.2578125,-4.40625,3.296875,2.03125,-58.75,2.890625,11.5,4.96875,3.3125,-0.9296875,0.9609375,2.5,-2.0625,0.1484375,-1.3828125,0.734375,-1.7734375,1.234375,-0.5078125,1.296875,0.095703125,0.7265625,0.376953125,-0.48046875,3.25,0.703125,3.15625,-0.40234375,-1.40625,2.890625,-5.34375,1.7578125,-7.71875,5.8125,-0.9140625,1.6875,0.59375,2.96875,-1.9765625,3.75,-0.48828125,1.25,1.4609375,-1.265625,-1.15625,2.09375,2.34375,-2.34375,-1.109375,-1.34375,-1.6796875,0.5625,0.62109375,-1.25,1.390625,-3.5,-4.6875,1.078125,-0.46484375,2.453125,2.21875,-2.28125,-1.765625,1.390625,-0.08984375,-3.59375,-0.158203125,1.5859375,1.625,-4.59375,-1.546875,0.94921875,1.9296875,-0.8125,2.15625,3.734375,2.125,-1.53125,-1.0859375,1.5078125,-4.40625,-1.1796875,1.6171875,1.828125,-3.375,8.625,0.21484375,0.0703125,-1.21875,6.625,-0.32421875,-9.875,1.0078125,1.953125,-1.15625,5.1875,1.8125,-3.09375,0.21484375,-11.125,-0.984375,-0.8359375,-0.1875,1.0625,1.9453125,14.375,0.0037841796875,-4.09375,-0.69140625,-5.4375,-2.265625,-0.63671875,1.265625,1.1484375,2.71875,0.546875,0.56640625,-5.875,2.921875,1.984375,-0.734375,6.90625,3.625,0.07421875,-2.484375,0.6640625,-7.84375,3.6875,10.0,2.390625,3.40625,-2.78125,-1.03125,0.671875,-1.171875,0.189453125,1.34375,-1.03125,-4.59375,-2.125,1.3125,1.6875,3.109375,1.0,1.8515625,-2.609375,-2.125,6.0,-8.125,-2.703125,-3.703125,-3.625,-0.3359375,4.09375,3.625,1.328125,2.234375,-1.5625,0.5625,-3.671875,1.1484375,1.3671875,-1.421875,0.1982421875,-2.21875,0.9921875,-0.22265625,-1.765625,1.96875,29.125,-0.076171875,-2.828125,1.125,-2.75,-2.625,-1.8984375,-1.734375,5.625,3.828125,-9.8125,3.1875,2.90625,-3.015625,-0.55078125,1.9296875,3.984375,-3.53125,-3.375,3.21875,1.625,-2.921875,3.25,0.90625,-2.4375,2.21875,-1.1953125,5.21875,-0.90234375,-1.5078125,2.234375,-2.0625,-0.83984375,-0.1015625,-1.3828125,5.5,0.24609375,5.34375,-6.875,2.453125,-15.9375,-1.390625,1.3828125,-1.03125,-2.0,-4.71875,-0.140625,3.734375,0.39453125,2.15625,-7.75,-0.359375,0.38671875,-3.359375,-1.59375,3.6875,1.3125,-0.23828125,-0.1875,-3.703125,-3.796875,1.5859375,2.421875,3.140625,-0.365234375,-6.84375,1.078125,-3.953125,2.78125,-2.59375,-2.0625,-1.015625,-1.5234375,1.125,-7.625,6.5625,0.859375,-1.25,0.765625,0.3671875,-0.65625,-1.703125,-2.203125,-0.80859375,-2.4375,5.1875,-0.3828125,-1.2421875,2.53125,-2.9375,0.875,2.96875,1.4765625,-0.671875,0.8828125,-2.484375,3.65625,-0.150390625,1.515625,1.140625,-20.25,1.578125,4.0,-1.765625,-1.390625,-1.171875,4.0625,3.5625,6.34375,-1.015625,0.6015625,7.53125,-1.9453125,2.5625,-0.7109375,2.015625,-0.875,0.0625,4.21875,-20.25,0.26171875,-2.5625,11.4375,11.625,2.125,4.03125,-0.80078125,-6.21875,1.8203125,-2.6875,-4.15625,-1.59375,-2.421875,1.734375,-1.9140625,-0.55078125,-1.203125,3.578125,0.7265625,-0.32421875,5.125,2.53125,-2.96875,1.28125,-0.7109375,-4.59375,-2.71875,-6.46875,3.125,0.423828125,1.5078125,-1.0078125,-1.46875,3.59375,-0.9453125,-3.875,2.625,-0.49609375,2.25,-2.21875,-1.5,6.5,-2.375,-3.625,2.109375,0.37109375,2.421875,-12.5,-1.9375,6.65625,2.890625,2.78125,-1.8671875,-1.609375,3.78125,-2.375,10.375,-1.96875,3.6875,11.625,-3.765625,1.9375,1.4296875,-0.453125,0.6015625,5.34375,-1.0625,4.0,3.3125,-1.7265625,0.78125,-10.25,0.490234375,0.671875,0.2236328125,1.59375,3.28125,0.38671875,-2.6875,2.3125,-1.0859375,-2.4375,2.09375,-1.578125,-12.25,-2.546875,-3.40625,-0.2294921875,1.921875,-1.078125,0.99609375,3.109375,0.248046875,-0.8125,2.078125,-2.3125,2.359375,-0.015625,-2.75,-2.828125,4.75,-3.625,0.54296875,1.453125,-0.7734375,1.296875,3.890625,0.19140625,-2.5625,3.5625,4.125,-1.90625,0.53125,-0.23046875,1.9375,-0.38671875,-2.171875,-4.375,-2.046875,-1.65625,-1.0625,-2.03125,-0.75,0.55078125,2.8125,-0.169921875,-29.25,1.03125,-2.1875,-0.1171875,0.0947265625,-0.80078125,2.546875,-5.875,-3.078125,-0.69921875,-9.75,0.44140625,0.6640625,-11.875,0.61328125,-1.1484375,-2.90625,6.59375,-1.28125,2.796875,8.625,-0.609375,-1.5625,3.09375,-2.4375,-0.859375,-2.96875,1.125,-2.3125,0.05078125,-0.078125,-0.0390625,-5.90625,2.59375,-0.0625,-0.271484375,6.21875,-2.5625,-1.78125,-3.015625,11.5,-3.734375,1.5703125,-2.03125,-1.328125,-0.64453125,-0.8125,1.3828125,0.765625,-1.828125,0.5,3.484375,-5.3125,2.421875,-1.1875,1.1015625,-5.09375,-0.71484375,4.25,4.21875,1.640625,-0.9453125,-2.21875,-0.2451171875,-3.96875,3.53125,-0.21875,1.9453125,-1.40625,3.5625,-1.4453125,3.921875,-3.703125,-1.7109375,2.046875,-0.578125,-3.40625,0.76171875,0.49609375,4.34375,-4.03125,-0.59765625,-1.046875,1.8203125,-5.3125,1.34375,-1.296875,1.8125,-0.76953125,1.59375,-0.4765625,2.375,0.05859375,-3.53125,6.53125,-2.0,4.375,4.0,-0.234375,-0.703125,9.1875,1.984375,-1.1640625,1.328125,9.0,6.625,7.78125,2.3125,-0.85546875,4.3125,-0.765625,2.296875,-2.09375,-1.71875,-0.6171875,-0.49609375,1.703125,1.125,0.349609375,-3.140625,-2.109375,0.734375,4.46875,0.6796875,0.41015625,-6.375,-6.5,-0.265625,0.0078125,-5.21875,3.40625,-0.55078125,-8.875,5.0625,-1.6328125,-1.9453125,-3.0625,-0.015625,1.8359375,-4.09375,0.90234375,0.5546875,0.20703125,0.73828125,-9.3125,-3.671875,2.125,-0.140625,-1.8203125,-1.6953125,0.59375,0.24609375,-1.6796875,4.65625,0.21484375,0.50390625,-1.328125,-2.328125,14.125,-0.93359375,1.7578125,1.9296875,-1.609375,0.05078125,2.609375,-7.125,1.59375,-0.8359375,2.03125,2.15625,0.9296875,5.5,-0.72265625,0.07421875,1.7734375,0.1640625,1.0390625,0.296875,-1.484375,-8.4375,-2.109375,0.2578125,-0.0390625,3.109375,-0.0703125,2.609375,5.75,0.625,2.109375,2.640625,-0.6015625,1.15625,0.53125,-5.96875,-2.421875,3.40625,-10.25,2.625,-2.375,0.7578125,1.1875,-2.171875,3.90625,4.6875,-0.75,1.859375,-3.03125,-1.15625,-1.734375,-3.671875,-0.75,-1.078125,-5.625,1.2421875,15.1875,-2.71875,-3.515625,-2.46875,0.00927734375,4.34375,-5.3125,-15.875,2.03125,-2.84375,1.6484375,-1.265625,6.5625,0.8203125,-0.80078125,1.7109375,-0.56640625,-0.09375,-0.1015625,2.609375,-3.828125,7.46875,2.5,0.46875,13.25,2.234375,5.125,-3.28125,-0.5703125,-2.125,0.95703125,2.171875,-0.1875,-4.25,0.9921875,-2.734375,-1.0078125,-2.03125,-2.453125,-1.3828125,-2.0625,0.83203125,-0.5546875,1.484375,0.984375,-5.75,-1.7578125,-1.1953125,3.703125,-0.1474609375,2.375,1.3203125,0.109375,-2.203125,1.53125,3.15625,-0.984375,-0.5,5.8125,-0.4375,-0.45703125,5.5625,-0.734375,0.45703125,2.3125,0.328125,-3.75,7.9375,2.375,-0.2265625,-1.8203125,-3.828125,-0.625,3.25,-0.953125,3.5625,-1.75,0.005859375,2.03125,-1.8671875,1.015625,0.0625,0.45703125,-0.3359375,2.15625,0.39453125,-2.875,6.0625,4.5,2.703125,-2.8125,-1.109375,-5.3125,-5.0,-3.40625,2.203125,-1.78125,0.6875,1.71875,-2.53125,-6.375,1.0,-2.59375,11.4375,0.8515625,-1.8359375,8.4375,-0.37109375,1.8125,1.421875,-0.59375,4.59375,-1.0546875,-2.59375,3.78125,-0.2421875,-2.03125,-1.34375,-0.400390625,-0.15625,0.12109375,1.3359375,-1.9375,-1.2421875,0.21484375,-2.75,-4.34375,-1.046875,-8.9375,-5.375,-2.359375,-6.71875,-2.984375,2.0,0.625,2.0,0.796875,0.3125,-2.578125,9.5,4.65625,0.2265625,1.7109375,-5.1875,-1.375,-0.92578125,-2.890625,-0.875,1.1640625,2.03125,-1.90625,3.21875,-1.4375,-0.25390625,2.34375,2.34375,4.34375,0.30078125,-0.40625,-1.921875,-6.40625,1.171875,-4.21875,0.08349609375,1.03125,0.60546875,-0.96875,-2.203125,0.140625,44.75,6.15625,0.5234375,0.984375,-1.71875,0.9375,-1.46875,-2.4375,-11.375,1.40625,3.796875,-2.375,7.09375,-2.9375,0.1181640625,-0.13671875,1.1796875,-0.265625,14.5,-4.1875,9.0,0.09375,-0.2265625,-3.28125,-0.271484375,2.53125,-1.765625,-0.7890625,0.015625,2.421875,10.625,-3.03125,-0.3984375,-0.609375,-2.796875,-0.8203125,-1.3515625,-1.28125,0.2470703125,2.96875,-0.083984375,-11.9375,-3.46875,-0.59765625,-0.546875,1.0390625,1.078125,2.609375,-1.046875,0.89453125,2.4375,0.66015625,-0.234375,0.51171875,-0.3671875,13.8125,-0.1640625,0.80078125,0.3515625,1.0078125,-1.84375,3.75,-0.85546875,1.8125,-2.03125,1.65625,3.015625,2.578125,-1.4765625,-4.3125,-0.625,-0.9765625,4.34375,-2.0,1.046875,2.0,3.0625,1.140625,2.0,1.875,-10.6875,-0.1328125,2.09375,0.4609375,2.046875,-2.4375,4.3125,-2.109375,2.5625,-2.65625,3.609375,0.83984375,-5.4375,-2.0,0.61328125,0.39453125,6.875,0.47265625,-0.07421875,-6.0,1.7734375,-0.53125,-1.546875,-1.953125,-1.5,-13.875,-2.109375,3.8125,-1.4921875,3.359375,-0.5,-0.474609375,1.75,-0.765625,-0.1953125,1.7265625,-1.6796875,-0.5078125,-0.47265625,-3.0,-0.38671875,-0.46484375,1.28125,-2.0625,3.75,-1.046875,0.35546875,-8.375,-3.65625,3.859375,2.9375,2.125,2.703125,-2.015625,-3.6875,-1.3125,0.96875,1.3359375,0.162109375,-0.267578125,0.609375,8.375,2.4375,-2.84375,1.703125,3.125,1.625,-3.15625,-0.15234375,-0.2890625,-2.734375,-1.6484375,-2.765625,0.8828125,-8.5625,3.40625,-13.8125,-0.91015625,2.546875,-1.890625,-1.5546875,-1.53125,-3.6875,0.1328125,-2.625,-3.25,18.5,1.3515625,1.3359375,-0.3203125,8.25,-1.4921875,-1.375,-1.9765625,-0.5078125,-1.5546875,3.5625,-1.453125,1.5234375,1.625,0.84375,-1.78125,2.125,0.6640625,2.703125,4.96875,0.78125,0.578125,-0.953125,-2.90625,2.671875,18.25,5.1875,-0.76171875,9.1875,0.984375,-1.40625,11.125,3.140625,-0.7109375,1.5,-0.984375,-1.8203125,1.0703125,-1.125,-10.375,3.90625,-1.125,-0.1484375,2.328125,1.4765625,-5.34375,-1.4453125,-3.203125,0.015625,-1.7890625,-2.3125,-0.224609375,-7.1875,0.83984375,-2.25,1.6328125,4.1875,-11.1875,-3.90625,-1.7578125,0.1953125,-4.4375,7.1875,2.625,4.0,-0.4453125,-1.296875,2.25,1.53125,1.984375,1.65625,-0.2421875,-3.96875,1.296875,3.625,5.5,-3.3125,-2.6875,-1.9609375,-1.765625,0.21875,1.5078125,-2.8125,1.203125,1.859375,-3.625,-1.390625,1.1015625,-56.75,-5.96875,5.0,0.1328125,-1.8125,1.0625,1.265625,3.515625,-1.0078125,-0.1640625,-0.3359375,-0.404296875,2.53125,1.796875,-2.828125,3.0,-1.5859375,0.34375,-0.416015625,0.47265625,-0.5703125,-1.875,-0.765625,1.625,4.5625,2.765625,-2.28125,2.84375,-1.4921875,-0.28125,0.87109375,-2.125,-3.53125,2.484375,0.109375,-1.53125,-2.53125,-1.8359375,0.359375,7.15625,-3.90625,-2.171875,-0.8828125,-2.296875,2.703125,-0.50390625,-9.25,1.1953125,2.984375,1.1015625,2.46875,-1.2265625,-0.7265625,-0.5625,2.890625,5.375,-3.890625,-8.3125,-6.5625,11.75,-1.21875,-1.375,6.90625,-3.125,-3.078125,0.21875,6.53125,-2.71875,1.7578125,0.197265625,-1.84375,0.083984375,0.578125,-2.34375,-0.59375,3.78125,4.6875,3.15625,-0.443359375,-6.0625,1.59375,0.109375,3.125,-0.12109375,-3.6875,0.50390625,1.6171875,1.0703125,0.125,12.4375,-0.52734375,1.4375,-3.40625,3.03125,0.3671875,0.10546875,0.259765625,-0.71484375,-1.2109375,5.90625,-1.90625,3.640625,-3.953125,-0.97265625,-0.2578125,1.625,0.67578125,0.48046875,0.25,0.55859375,-2.09375,-2.203125,3.5625,-1.1171875,1.96875,-1.109375,-2.609375,0.09375,0.94921875,1.2578125,-1.359375,3.15625,-4.1875,1.1640625,1.5625,0.443359375,-1.234375,-2.4375,2.96875,-4.96875,1.5,-0.0390625,-1.703125,-0.8046875,-2.296875,2.78125,1.2265625,0.15625,2.40625,-0.8203125,10.25,1.84375,1.8125,-0.7890625,2.34375,1.4765625,2.015625,-0.083984375,2.84375,0.064453125,-0.5390625,-1.4921875,3.0625,0.333984375,0.1513671875,5.5625,-0.0927734375,-2.3125,-1.734375,3.21875,2.828125,17.375,2.0,2.71875,-1.6015625,-1.0390625,-3.40625,0.890625,6.5625,0.7578125,-2.40625,3.40625,1.828125,-5.71875,-30.75,-4.5625,-2.953125,5.5625,3.609375,-0.11328125,-3.75,-3.75,0.73046875,-2.953125,-2.0,-0.859375,3.15625,-3.96875,-1.5625,-8.375,-1.9765625,-1.8984375,0.1083984375,0.37109375,0.041015625,1.0625,-0.6953125,-2.25,-0.1875,-6.0625,0.22265625,-2.0,-1.59375,4.6875,2.84375,-4.3125,0.234375,0.1748046875,-0.140625,2.5625,0.21484375,-0.02783203125,9.9375,-1.875,-0.93359375,3.71875,0.9765625,2.296875,-0.0869140625,-2.265625,-6.5625,-0.03515625,0.9453125,15.1875,-0.75390625,-2.96875,1.7734375,-0.046875,-2.15625,-0.251953125,-1.484375,1.9453125,-0.1904296875,-0.6953125,-2.0625,5.0,2.75,2.296875,-3.828125,54.5,2.234375,-4.90625,-0.89453125,2.4375,1.5703125,0.328125,-2.703125,0.30078125,-4.8125,0.953125,-1.03125,-1.2109375,2.3125,3.125,1.3515625,4.71875,-1.3203125,-0.921875,1.7421875,2.15625,1.7890625,-1.390625,-2.53125,2.5,-0.70703125,2.15625,-0.63671875,-3.40625,-0.41015625,-0.9453125,2.96875,-0.59765625,0.8984375,2.109375,0.734375,-0.0078125,1.765625,-1.609375,-0.546875,3.453125,-2.09375,-1.546875,-3.234375,-3.15625,-0.29296875,-0.498046875,-2.109375,-0.40625,-1.8046875,1.1171875,-1.3671875,-0.640625,1.0078125,3.34375,4.125,-1.359375,-0.34375,0.65625,-8.1875,0.4296875,-5.1875,0.31640625,0.33984375,0.09765625,-1.078125,-6.53125,-0.84765625,24.125,4.875,-3.078125,-3.4375,-0.19140625,-2.484375,0.3125,2.203125,-0.33984375,1.140625,-2.25,-0.0859375,-0.125,-0.1015625,5.96875,-1.03125,-5.75,1.453125,-8.375,-4.4375,-0.828125,1.9140625,1.25,-1.8203125,4.25,-3.140625,-0.859375,1.203125,-6.15625,9.8125,-9.125,-1.2734375,-35.25,-1.21875,1.53125,7.0,0.265625,2.703125,-1.453125,0.353515625,-5.25,1.953125,1.46875,4.0,0.23046875,2.0,-2.5625,0.8828125,1.09375,4.5625,-1.78125,-15.1875,1.6875,-0.6484375,-6.46875,0.19140625,0.3046875,-3.9375,-6.1875,4.28125,-0.142578125,-2.765625,-1.9921875,-2.203125,1.578125,9.5,0.1015625,1.0,-3.015625,-0.3203125,0.9765625,-1.4765625,-2.109375,4.21875,1.5703125,-1.6171875,-2.359375,2.3125,2.5,-1.890625,-0.63671875,1.6953125,-0.44140625,-4.59375,0.23046875,-2.71875,-2.578125,-0.234375,-1.8203125,-1.140625,-1.96875,-3.0625,-9.875,3.875,-0.21875,-1.40625,4.6875,1.671875,-1.3125,-1.359375,-0.5546875,-1.4296875,-0.35546875,-1.453125,5.96875,2.359375,-5.03125,2.59375,0.4453125,-2.1875,4.875,0.8203125,0.5,0.01953125,-1.96875,1.7109375,-3.4375,0.1767578125,1.4921875,-1.140625,-1.59375,-2.75,3.84375,1.2265625,1.21875,-2.515625,6.5625,-1.8671875,0.20703125,-2.28125,1.921875,1.71875,0.9375,3.40625,-3.5,0.37890625,-0.74609375,-11.0625,0.1640625,-5.34375,0.8515625,2.3125,-2.96875,-0.6171875,-1.4375,1.9375,-17.75,-1.3359375,-0.474609375,4.53125,5.1875,9.1875,2.75,-3.796875,-1.28125,-1.5625,-4.4375,-0.9296875,-9.625,0.8984375,0.61328125,1.4140625,0.59375,-2.59375,2.0625,4.46875,0.87890625,-2.5,-0.029296875,6.4375,-0.1103515625,0.330078125,-3.796875,-2.34375,0.8359375,1.640625,2.375,-0.2109375,-1.7265625,-0.27734375,-1.2734375,0.796875,5.28125,0.55078125,-0.44140625,-0.37109375,-1.1875,2.359375,5.5,-0.078125,0.984375,1.09375,-0.6875,-0.7890625,-2.296875,-36.5,-1.453125,-4.0,-1.359375,0.7890625,2.046875,4.15625,0.21875,-1.3125,0.79296875,-2.28125,-1.921875,-0.9921875,-0.3515625,-1.0859375,2.40625,1.671875,2.0,1.765625,-1.6484375,1.390625,1.515625,-1.71875,1.4140625,-1.9296875,1.078125,4.28125,-1.71875,-2.1875,-1.796875,5.15625,0.40625,-2.21875,-0.0234375,-4.125,-0.208984375,-0.8203125,-16.875,-0.294921875,-2.265625,0.26171875,-5.0,-0.89453125,0.6171875,-4.15625,-1.3125,-0.298828125,-0.37109375,1.0390625,0.9609375,0.1484375,0.0234375,0.65625,-0.16796875,0.8515625,1.953125,-2.875,0.8984375,2.96875,-0.28125,-1.140625,0.26171875,-2.046875,-0.0234375,15.5,-3.609375,-2.875,-0.455078125,-1.140625,-0.65625,2.265625,8.75,3.171875,2.4375,-1.1328125,-0.8046875,2.890625,-0.35546875,0.02734375,-1.78125,2.421875,4.96875,-5.0625,0.375,0.19140625,-3.53125,-1.328125,-1.28125,0.9453125,3.0,-2.40625,-3.09375,2.65625,-1.59375,-2.296875,0.6953125,0.42578125,4.25,1.53125,-0.02734375,-4.59375,0.158203125,2.203125,-1.328125,-5.6875,1.09375,1.125,2.625,-2.28125,2.5625,-0.65234375,3.375,2.234375,-2.34375,-0.171875,-2.65625,-6.71875,-1.171875,1.8515625,-0.44921875,5.4375,3.734375,1.7890625,1.171875,-0.953125,1.40625,-5.375,-3.15625,1.25,-2.8125,-0.58984375,10.625,0.78515625,-1.9375,-3.0625,2.0625,0.609375,-4.40625,-6.09375,-0.123046875,3.796875,-0.75390625,4.78125,2.265625,1.828125,0.7421875,0.90234375,-0.306640625,-0.9453125,1.28125,-0.6171875,-2.8125,-3.421875,-3.828125,-1.3359375,-4.5625,-0.75390625,-1.4375,1.421875,-16.125,1.09375,-1.7109375,-0.88671875,0.5625,-2.390625,-0.578125,-3.46875,-2.4375,-1.3203125,2.765625,1.7734375,-1.390625,3.484375,-0.35546875,-2.296875,2.828125,-0.7421875,1.6953125,-1.484375,-0.90625,-0.87890625,0.84375
5,1.609375,-2.640625,0.1904296875,1.125,-9.125,2.3125,-1.15625,-0.109375,0.88671875,-5.75,-0.7890625,1.859375,1.21875,-0.4609375,-2.375,1.1796875,-2.0,-1.8125,0.55078125,-6.78125,-1.078125,0.921875,-0.71484375,-0.8125,0.59765625,2.65625,-0.70703125,0.796875,7.34375,1.8671875,3.625,1.03125,1.0703125,-0.04296875,3.28125,-1.5234375,0.3515625,-7.6875,-11.1875,-0.1171875,1.2109375,0.546875,0.28125,1.2421875,-0.34375,-0.6484375,-1.953125,0.23828125,-0.89453125,-1.5703125,0.984375,0.7109375,1.328125,2.5,10.5,-1.671875,1.03125,-0.09765625,-8.25,-1.59375,1.2109375,0.515625,1.2265625,-1.640625,-0.0546875,1.703125,3.96875,-3.078125,0.13671875,0.578125,1.6875,13.25,18.125,-1.75,0.546875,0.09765625,-0.3203125,1.890625,0.8984375,0.7421875,1.796875,-1.203125,-0.1015625,2.09375,2.59375,-3.078125,0.265625,-1.875,0.296875,2.546875,-4.125,-1.1328125,2.359375,-9.75,-2.71875,0.384765625,1.53125,-2.625,0.5625,-0.435546875,2.375,0.427734375,-2.84375,-1.40625,7.9375,-10.25,3.8125,-1.6875,-0.6640625,-1.546875,-0.86328125,1.578125,1.1484375,2.96875,-0.26953125,2.96875,-1.359375,-1.859375,-1.609375,5.0,2.546875,2.53125,-0.921875,2.375,5.0625,-1.1796875,0.46875,0.2578125,4.65625,0.34765625,0.7890625,-1.890625,-3.25,2.1875,1.53125,-0.5859375,5.5,1.5859375,-1.1640625,-5.0625,-1.0546875,0.8046875,0.15625,-0.205078125,-0.3828125,0.142578125,0.6171875,0.31640625,2.125,3.0625,-0.11328125,-3.0,-0.02734375,-1.875,-2.578125,-1.0625,-1.765625,20.5,-0.7890625,0.66015625,-6.8125,-2.453125,2.296875,-2.40625,-2.828125,-0.93359375,-1.3125,2.078125,-3.859375,0.91796875,-2.109375,-2.96875,-1.6953125,1.125,0.75390625,-0.9453125,1.859375,3.765625,0.703125,0.9609375,-2.59375,-1.1953125,-2.125,-0.05859375,0.97265625,-1.0859375,0.0859375,-1.1484375,2.21875,-0.97265625,11.0625,-0.34375,1.1484375,0.97265625,-1.2109375,3.203125,6.65625,-2.71875,-1.7421875,-2.09375,0.3671875,-3.140625,7.28125,-0.0859375,-1.234375,-0.44140625,1.1640625,-0.205078125,3.0,0.859375,3.453125,-1.3203125,21.25,3.703125,0.828125,1.4765625,1.71875,-3.90625,-1.125,0.375,-3.125,2.796875,-9.875,-1.5,-2.984375,-4.09375,-1.296875,-3.3125,15.9375,0.146484375,-6.5,-1.03125,-1.21875,-2.546875,1.78125,0.28125,1.8046875,-3.625,-0.27734375,-3.1875,-0.140625,2.734375,-3.71875,-0.4375,-3.0,1.578125,-0.609375,-1.0859375,0.30859375,8.0625,-1.421875,7.625,0.0703125,-1.359375,-1.265625,-0.228515625,0.21484375,-0.66015625,3.0625,-0.76953125,2.203125,0.9296875,-1.2421875,0.158203125,-5.4375,-2.703125,0.46484375,-0.53515625,-1.90625,0.1796875,0.42578125,0.859375,-0.287109375,0.271484375,0.34765625,1.015625,2.453125,0.69921875,-0.02734375,0.8125,3.953125,-1.875,-0.015625,-0.37109375,1.796875,0.58203125,-2.046875,-1.4453125,1.78125,-0.57421875,-3.21875,-3.109375,-3.0625,-3.1875,2.296875,0.8984375,1.75,-3.78125,-1.46875,-5.15625,0.69140625,-0.05859375,0.0078125,-2.828125,-0.228515625,-1.03125,-4.28125,-5.15625,-0.17578125,-18.375,-0.9609375,-6.46875,-3.15625,-0.3125,-0.45703125,23.0,-12.0,-0.33984375,1.6484375,-0.82421875,-4.09375,1.9609375,2.96875,1.5234375,2.8125,-0.390625,-0.8984375,-0.53125,-4.71875,-8.0,-0.078125,-1.7109375,-0.1337890625,-2.359375,0.035888671875,-0.63671875,0.6953125,-0.01318359375,1.1015625,-1.78125,0.6015625,1.46875,1.1953125,1.6640625,1.2109375,1.8359375,-0.71875,-3.390625,3.84375,-0.01171875,-6.625,14.6875,-5.34375,1.328125,0.73046875,-3.609375,1.25,0.32421875,-2.140625,0.5859375,0.625,2.4375,1.0390625,-1.375,-1.5390625,-0.29296875,-0.51171875,6.75,-0.26171875,17.75,0.0,-3.5,2.078125,-4.21875,-3.84375,3.125,-1.34375,2.328125,-1.7578125,-0.0546875,1.0546875,11.6875,-1.546875,-0.0546875,0.1875,2.0,-1.1015625,0.16796875,6.46875,0.1083984375,4.03125,0.5703125,-0.41015625,-0.50390625,0.453125,0.060546875,2.34375,-0.9140625,-2.8125,1.734375,0.6484375,6.125,-3.15625,3.6875,-0.43359375,-1.1953125,0.8203125,-1.3359375,-3.78125,-0.75390625,-1.6328125,1.0078125,-0.46484375,-8.0625,0.71484375,20.5,0.82421875,-2.265625,1.15625,0.125,3.71875,0.232421875,-3.0625,1.46875,0.7265625,-2.21875,-2.8125,0.287109375,1.8359375,-0.484375,-1.515625,-4.125,12.5625,-0.37109375,1.40625,1.3984375,2.015625,1.359375,-0.7421875,-3.296875,-1.03125,-0.40625,4.25,3.15625,-1.7734375,0.4765625,-0.44921875,-0.09521484375,1.515625,0.7109375,0.125,-0.142578125,0.8359375,-1.6328125,0.125,-1.8828125,-0.6015625,-0.78125,12.0,2.1875,3.515625,-1.9453125,-2.046875,0.30859375,-0.11328125,-2.265625,-1.609375,2.421875,0.328125,0.0390625,-0.78515625,-0.984375,-7.0,2.8125,0.28515625,3.328125,-0.03515625,12.8125,1.421875,-1.515625,0.3359375,-0.0625,2.140625,1.3046875,-0.82421875,-6.9375,-2.671875,2.09375,-1.0390625,-0.2890625,0.58203125,-0.84375,0.9140625,-1.4296875,-2.203125,-0.12109375,-2.671875,1.0625,0.55859375,0.27734375,-1.9453125,1.9375,1.25,3.375,0.6796875,0.8671875,-0.6484375,-0.71875,-1.484375,-2.296875,-2.1875,0.279296875,0.39453125,0.75,-0.72265625,0.8671875,5.5,-1.71875,-0.43359375,-2.21875,-1.625,0.265625,-2.828125,0.423828125,1.84375,0.181640625,2.5625,-2.46875,0.14453125,-0.45703125,0.84765625,-3.28125,-2.734375,-0.6953125,2.671875,0.63671875,-0.259765625,-0.6875,1.03125,2.015625,-1.53125,3.859375,-1.125,-0.3671875,-3.890625,2.296875,-0.38671875,-1.421875,1.8359375,0.43359375,-1.046875,-3.75,-0.34375,1.0703125,-0.375,1.875,1.546875,0.65625,-0.86328125,-0.609375,1.2890625,-1.03125,-1.5,-1.3203125,0.12109375,1.2421875,-0.0546875,1.8203125,-5.25,1.625,-0.859375,-0.1201171875,-2.40625,-0.05078125,-0.671875,-0.44140625,15.375,0.578125,-5.625,1.625,-1.3203125,-0.15625,0.23046875,1.8359375,-3.390625,-1.0,-0.875,-1.7578125,-1.3984375,5.625,1.640625,10.625,-1.6796875,-1.9609375,-1.4609375,1.4296875,-1.65625,-2.09375,0.4921875,-0.75,-0.056640625,6.1875,0.79296875,-1.421875,-3.484375,-3.71875,0.22265625,-0.953125,-0.953125,-1.546875,0.142578125,0.33984375,-1.2109375,1.203125,0.96875,2.6875,1.46875,-0.435546875,1.0546875,-0.8828125,-2.515625,-1.515625,1.828125,1.796875,-4.4375,0.5390625,1.46875,-1.9765625,-1.03125,-0.83203125,0.984375,1.796875,-3.28125,1.515625,-1.34375,1.5390625,2.875,-4.34375,-1.0859375,1.765625,-0.265625,-1.59375,0.75390625,0.83203125,-0.201171875,1.4921875,0.640625,1.796875,2.53125,0.78515625,0.4296875,0.86328125,1.828125,0.9453125,-2.890625,-4.40625,2.984375,-0.48828125,-1.921875,-0.458984375,-0.361328125,1.515625,0.23828125,-0.01953125,-0.025390625,0.32421875,3.09375,-1.09375,3.34375,-0.6875,-0.41015625,-1.0625,1.21875,0.23828125,-2.9375,1.1328125,1.75,0.49609375,-1.25,-2.328125,0.0859375,1.8984375,1.0390625,-0.453125,7.0625,0.1064453125,0.46875,-0.9921875,-1.015625,-0.66015625,20.0,0.298828125,0.4453125,-51.75,1.796875,0.6171875,1.015625,-3.40625,0.74609375,3.765625,-4.375,2.9375,-1.6484375,-2.578125,0.74609375,-1.9453125,3.046875,0.13671875,2.078125,-0.15234375,-0.1328125,5.5625,1.921875,0.123046875,-0.00341796875,1.59375,0.47265625,1.421875,1.3046875,-1.84375,-8.75,-0.87890625,2.296875,2.21875,1.421875,-1.046875,1.703125,-1.296875,-0.46484375,0.2109375,-0.71484375,1.546875,0.23046875,0.142578125,1.15625,-0.458984375,0.50390625,-0.16796875,-1.4375,0.91796875,2.078125,1.0625,-0.484375,-0.5859375,0.765625,-4.03125,0.24609375,-0.208984375,1.5390625,0.0791015625,0.765625,0.77734375,1.7890625,-3.96875,0.19921875,1.421875,-5.9375,-1.859375,7.8125,3.078125,0.78125,-2.0,-0.265625,-0.578125,-1.65625,-1.5703125,-0.029296875,-0.5859375,-7.46875,-0.20703125,-1.375,0.953125,2.6875,-1.6953125,-0.44140625,0.93359375,-1.6875,1.03125,-1.2109375,5.6875,0.9453125,0.0693359375,-0.85546875,5.4375,-11.75,-0.07080078125,-1.6328125,-1.40625,0.71875,2.859375,-1.015625,2.4375,-0.32421875,-6.6875,-0.0009765625,-3.375,-0.48046875,0.12109375,-1.84375,0.8203125,-1.703125,-2.546875,5.3125,3.5,-1.90625,-0.93359375,0.26953125,-4.34375,-1.7265625,-1.96875,-0.478515625,3.375,1.5859375,-1.9765625,3.640625,-0.57421875,0.353515625,-0.3046875,-1.09375,0.0703125,1.0859375,-3.390625,-2.28125,0.41015625,0.484375,-0.1796875,-0.8046875,2.125,-1.078125,-1.65625,-12.5,0.34375,-3.90625,-3.21875,-0.09375,0.046875,1.65625,0.78125,-1.53125,-0.90625,3.03125,-13.75,3.90625,0.71484375,-0.79296875,-1.703125,-1.1953125,-0.484375,0.78125,2.90625,-2.390625,-2.34375,0.859375,-14.5,-2.484375,-4.40625,1.1640625,1.5,5.46875,6.375,6.9375,2.203125,-0.46484375,0.46484375,0.29296875,-1.9140625,-0.4140625,2.96875,-0.4765625,-0.390625,2.84375,0.6171875,0.328125,-11.4375,0.451171875,0.6953125,-2.9375,0.74609375,-0.70703125,2.734375,-1.3984375,-0.05859375,1.96875,-5.9375,-14.875,1.28125,-2.4375,2.296875,1.875,4.25,11.125,-0.48828125,1.0703125,1.109375,3.25,-4.40625,4.5,-1.015625,3.1875,1.203125,2.375,0.16015625,1.015625,-4.09375,-0.138671875,0.9765625,1.21875,1.2734375,-8.75,-1.296875,2.3125,-1.953125,0.80078125,-0.0546875,-4.6875,2.3125,-2.09375,-0.017578125,0.65234375,-0.90234375,-3.09375,-3.1875,-0.80078125,-3.25,0.25,1.0078125,1.125,0.78125,2.90625,-0.71875,-0.44921875,2.84375,-1.78125,2.3125,-1.546875,0.5703125,0.828125,-4.15625,2.09375,2.03125,0.9453125,0.1015625,2.3125,-1.3515625,-1.546875,1.4453125,-0.486328125,4.625,1.2734375,-2.3125,2.578125,1.9140625,0.298828125,1.765625,-0.5625,-1.078125,0.09765625,1.46875,-3.46875,-11.625,3.546875,-0.93359375,-0.5546875,1.9296875,-4.21875,1.25,0.044921875,2.1875,3.84375,10.375,-3.28125,-1.1875,-2.65625,0.796875,0.48046875,12.0,-1.265625,3.59375,-0.9140625,-1.4765625,-0.6796875,-13.0625,-0.9921875,4.59375,-1.046875,6.09375,-2.34375,2.203125,2.453125,-0.28515625,-7.84375,-1.28125,-0.609375,5.84375,2.671875,-1.25,-13.4375,1.015625,0.53125,-0.421875,-3.75,4.96875,-2.078125,2.859375,1.640625,0.25390625,1.1171875,0.828125,3.875,-1.3359375,-1.03125,-0.703125,1.421875,1.7734375,0.87890625,2.625,-0.83984375,1.609375,2.65625,0.62890625,-0.5703125,-0.3984375,8.125,0.8046875,-0.9140625,1.203125,-0.98046875,-0.3515625,-1.96875,-1.421875,0.34375,-13.5625,-0.2890625,-2.65625,2.40625,0.40234375,1.1875,-0.23828125,6.96875,0.6953125,0.42578125,-0.9375,10.25,-2.53125,8.25,-2.59375,-0.8203125,2.234375,-0.19140625,-0.7265625,0.625,-1.671875,9.3125,2.0625,-4.375,9.6875,-0.05859375,-1.28125,-2.6875,2.21875,-0.796875,-0.36328125,0.6640625,-3.21875,0.478515625,21.75,7.6875,0.38671875,-1.1875,2.0,-5.03125,2.578125,2.859375,-2.140625,0.4296875,-4.125,0.6640625,1.2890625,-2.671875,0.5546875,-1.25,3.578125,-0.859375,0.8984375,1.109375,-0.3515625,-0.275390625,2.328125,0.62109375,3.203125,-1.96875,-0.37890625,3.46875,10.9375,-0.359375,0.09765625,-0.26953125,-1.296875,4.3125,2.5,5.34375,-0.0546875,-3.765625,1.90625,0.38671875,-4.4375,-1.3828125,-2.34375,-0.3515625,4.0625,-1.5234375,-3.015625,4.0625,-0.0673828125,0.75,0.89453125,0.162109375,1.6796875,0.36328125,-0.03125,3.890625,-2.71875,0.275390625,-1.1875,-0.265625,16.625,1.09375,0.7890625,0.921875,-0.9609375,1.265625,0.578125,-2.09375,0.3984375,-0.93359375,0.25,-2.125,-2.390625,0.64453125,9.0625,1.6484375,-1.6171875,-1.765625,-1.171875,-0.95703125,15.6875,-2.265625,3.1875,1.859375,-2.25,0.482421875,-0.73828125,-0.1552734375,-3.296875,1.75,-1.5625,1.0625,-3.296875,-4.6875,-1.125,-2.0625,0.5234375,0.0283203125,-0.390625,1.8515625,1.03125,2.703125,-0.447265625,-1.3125,4.4375,0.333984375,-0.65625,-1.8203125,-0.044921875,2.15625,-5.5625,-0.7890625,-0.462890625,-1.8125,2.84375,-6.75,-1.453125,-1.59375,-0.515625,1.1953125,0.0439453125,5.5,-1.7265625,-0.404296875,-1.96875,3.25,0.6640625,1.484375,-0.73046875,-0.103515625,1.625,-2.59375,1.53125,0.85546875,-1.984375,3.046875,-0.28125,2.90625,0.0546875,-1.46875,-0.609375,-0.7734375,0.48046875,-2.03125,-1.96875,-1.171875,-2.609375,0.1298828125,-1.1484375,-3.375,0.7109375,0.91796875,0.64453125,-0.55859375,6.625,-5.90625,3.0625,0.6875,-5.34375,2.71875,1.046875,-1.3984375,5.1875,0.169921875,-2.109375,1.828125,0.07421875,2.59375,1.25,1.46875,5.0625,-7.21875,0.12451171875,0.125,-1.046875,0.73828125,1.8984375,2.8125,2.40625,1.265625,11.375,-4.34375,1.65625,-1.46875,2.75,-3.65625,-0.546875,1.0859375,0.0634765625,-2.1875,1.40625,1.2265625,-0.890625,-0.5625,2.296875,2.203125,0.3515625,-1.15625,-0.8671875,3.453125,-3.609375,0.140625,-0.703125,0.4453125,-2.015625,1.1640625,-9.5625,3.328125,2.53125,-0.69921875,-0.19140625,1.0859375,-3.515625,-1.5703125,-1.5390625,1.96875,0.427734375,0.96875,1.203125,-0.09375,-0.09375,1.546875,-2.0625,0.60546875,-0.6328125,-10.9375,1.0234375,-0.99609375,-0.03125,0.05078125,1.3515625,4.53125,-1.0546875,-17.0,-17.125,-0.734375,-0.875,-1.6796875,1.7578125,-1.90625,-3.15625,-3.171875,-14.625,-0.1728515625,-0.12890625,1.0390625,0.9609375,0.6015625,-0.5390625,-1.1953125,0.470703125,-3.5625,5.03125,0.71875,0.5625,-2.34375,-0.2138671875,-1.0625,1.3125,0.7265625,-2.265625,3.71875,0.640625,5.875,-1.015625,-3.8125,-0.81640625,-1.828125,-3.859375,-3.6875,-1.921875,0.57421875,0.62890625,1.203125,2.421875,0.431640625,1.921875,2.546875,-3.03125,-0.1953125,0.8515625,-2.453125,-0.78125,-1.8046875,0.57421875,1.03125,0.4453125,2.09375,0.19921875,-0.41015625,-1.2421875,-1.265625,-1.8046875,-2.15625,0.51171875,0.30859375,0.41015625,0.3125,0.43359375,-1.46875,1.5390625,1.359375,1.078125,0.3046875,-6.96875,2.125,-1.9921875,-11.375,-0.291015625,-0.91015625,0.4296875,0.171875,-1.8984375,0.578125,-0.5390625,-3.5,2.5,0.7890625,4.0625,-2.015625,1.9296875,-1.8046875,-0.24609375,-1.140625,0.1953125,-0.5546875,1.34375,-1.4375,-0.6875,0.373046875,-0.84375,-0.0625,-3.21875,-0.0546875,-1.03125,2.3125,1.1640625,-2.4375,4.6875,-2.8125,0.98046875,-2.296875,-0.15625,-1.0625,0.337890625,-0.59375,0.8984375,-0.48828125,1.9296875,0.78515625,-1.125,-0.50390625,-2.0625,3.421875,1.328125,1.9609375,-1.03125,0.8046875,-0.65625,-1.21875,-2.390625,-0.0791015625,0.91796875,0.90625,-2.9375,-0.35546875,1.8671875,-1.296875,1.0,6.5,-14.75,-0.484375,-1.03125,-2.78125,-1.125,-1.734375,2.421875,2.515625,-1.7578125,-15.8125,0.051025390625,-0.53125,-0.71875,0.87890625,-1.40625,1.203125,13.25,0.67578125,-1.4375,1.5390625,-0.0205078125,-2.328125,1.203125,-1.6015625,0.96875,-0.07421875,1.171875,-1.125,-2.8125,8.375,1.546875,-15.3125,1.53125,1.390625,-1.21875,-19.125,2.125,-0.921875,1.75,-0.6875,1.484375,-5.75,-9.125,-0.90625,-1.8125,-0.4140625,-1.4140625,-0.515625,-0.8203125,-3.109375,0.318359375,-1.609375,-0.6796875,0.5,2.796875,-2.109375,1.1015625,-0.90625,-0.6484375,1.0703125,-3.03125,0.9765625,1.6953125,-0.185546875,-3.546875,-1.625,-1.359375,0.62890625,-1.8828125,-2.921875,-1.515625,1.296875,-0.67578125,1.8359375,-0.1220703125,0.373046875,-0.361328125,2.84375,0.8828125,-5.6875,2.40625,-2.1875,-1.5703125,-4.6875,-6.90625,-0.8203125,1.3359375,-1.4453125,-0.5703125,-0.263671875,-1.078125,-1.015625,-0.01953125,-0.78515625,0.63671875,-0.66015625,0.8203125,0.90234375,-0.37109375,-1.796875,0.004150390625,0.28125,-1.65625,1.046875,1.2109375,-1.734375,5.8125,-0.79296875,-3.25,0.109375,-1.28125,-2.921875,1.546875,-3.25,1.828125,-1.46875,1.265625,0.171875,-3.078125,0.41796875,-0.279296875,2.15625,-7.375,2.71875,2.8125,-0.08984375,-2.890625,1.65625,-0.7421875,6.1875,1.828125,5.875,6.9375,1.2890625,-0.00390625,0.79296875,2.03125,-21.75,1.640625,1.7109375,-1.484375,8.0625,-2.03125,0.828125,0.765625,-0.35546875,0.984375,1.5078125,-1.90625,-0.6171875,4.5625,3.078125,-2.78125,-1.2265625,3.5625,1.5078125,-4.28125,-0.0703125,0.025390625,-0.375,-4.375,-1.15625,1.90625,0.3515625,-1.1796875,0.44921875,0.76953125,0.42578125,-2.03125,1.4921875,-0.015625,-1.015625,-4.0625,1.40625,-13.4375,-4.46875,1.125,-3.28125,1.453125,-0.048828125,-2.46875,-5.3125,0.6796875,3.21875,-4.0625,1.6640625,1.015625,-0.6953125,-0.96484375,-1.46875,-0.2109375,30.75,-0.22265625,5.75,3.59375,0.19140625,-3.125,-0.34765625,3.265625,0.96875,-0.70703125,-0.78125,-1.015625,-2.40625,0.019775390625,-0.46875,-1.6484375,-0.65234375,-0.44921875,-0.98046875,4.5,1.96875,3.15625,1.1640625,-0.203125,6.875,-0.84375,0.8125,2.1875,0.6171875,-2.1875,-0.515625,7.9375,4.25,-2.03125,2.890625,-1.59375,-0.443359375,-0.0859375,-0.3203125,1.7421875,-3.140625,-0.84375,-2.8125,1.0625,1.859375,1.375,-0.48828125,-0.59765625,2.8125,0.48828125,-2.0625,0.80859375,4.84375,-1.15625,-2.296875,-1.2265625,-2.640625,0.0830078125,-11.375,-10.0,0.46875,0.84765625,1.921875,2.25,-1.5546875,23.0,0.57421875,2.25,-8.1875,-2.203125,17.5,1.9921875,1.859375,-2.046875,-2.375,2.734375,-1.359375,0.228515625,-0.8203125,-4.5625,-0.984375,0.2734375,2.171875,5.8125,-0.287109375,-1.53125,-2.421875,-1.5234375,-3.9375,0.6171875,3.578125,-2.71875,0.6328125,19.75,0.244140625,-21.125,1.3125,3.03125,3.203125,3.546875,0.5546875,-4.28125,-0.640625,-2.625,-0.13671875,-0.6015625,-2.8125,-5.1875,0.076171875,1.703125,1.296875,-0.51953125,7.75,6.0625,-0.228515625,-0.328125,3.015625,1.5,0.341796875,-0.30078125,2.078125,-0.52734375,-3.8125,-0.22265625,-3.78125,-2.9375,8.25,-1.5625,-3.515625,1.109375,-4.25,3.3125,1.5703125,-1.453125,0.267578125,-0.5703125,1.6484375,2.625,-0.6796875,0.078125,0.208984375,-1.96875,-1.375,1.9765625,-3.734375,2.828125,8.5,0.3359375,-1.375,-1.21875,-1.46875,-0.625,2.09375,0.5390625,-2.90625,3.953125,-3.03125,-4.78125,-4.15625,2.0625,1.90625,-0.46875,0.703125,0.765625,-1.1953125,1.3984375,-1.453125,0.69921875,-0.62109375,-6.3125,-0.5234375,-2.0,-0.8984375,-0.19140625,-2.78125,-0.3125,1.625,3.109375,0.55078125,-1.6953125,-0.80078125,-0.78125,-1.3359375,-0.7890625,3.015625,-1.34375,0.984375,0.703125,2.96875,2.328125,1.765625,4.46875,-0.21484375,0.12890625,2.5625,-4.125,-4.5625,2.84375,25.625,1.0390625,-0.78125,-0.359375,-1.1171875,-0.9375,-2.0,-0.55859375,-1.4921875,2.15625,0.94921875,-4.03125,-0.71875,-2.046875,-0.34375,1.7578125,-9.875,1.625,-0.765625,-1.5625,0.125,-1.953125,-13.5625,-1.9375,-0.9375,-2.25,0.4140625,-2.03125,23.125,-1.4296875,1.4296875,-2.171875,0.8203125,-4.84375,-3.171875,1.765625,-0.578125,0.2138671875,-2.25,0.984375,-0.6328125,0.03515625,-0.4140625,1.7890625,-2.296875,0.203125,1.5625,2.53125,11.0625,-1.09375,1.359375,-5.53125,-1.90625,1.59375,0.400390625,0.2890625,-0.8359375,-1.6328125,0.89453125,-0.46875,8.375,-0.8515625,0.27734375,1.7109375,2.265625,-0.99609375,1.65625,-0.23046875,-0.98828125,-0.8125,4.1875,-3.359375,1.9140625,-0.01318359375,-2.40625,-2.875,2.390625,1.65625,-6.84375,-0.66015625,-2.34375,0.625,-0.111328125,0.0068359375,0.71484375,2.84375,1.265625,0.515625,-1.5,-0.248046875,-7.28125,-2.765625,-2.640625,2.546875,0.341796875,-0.3984375,0.020263671875,1.296875,0.244140625,2.671875,-2.671875,2.59375,-0.154296875,-1.2578125,1.7109375,-0.37890625,2.5,13.125,2.46875,3.5,20.0,1.28125,1.859375,-1.1796875,2.28125,-0.75390625,-3.9375,0.88671875,5.1875,-0.53125,2.15625,0.421875,-1.1796875,-7.28125,2.25,-1.109375,1.59375,-1.4453125,1.8125,3.84375,0.240234375,0.9453125,-1.5390625,3.515625,0.244140625,-2.71875,-8.3125,-1.5234375,1.140625,-4.21875,-3.59375,0.5546875,0.296875,-1.28125,-2.671875,-1.7421875,1.265625,0.6484375,-1.9375,-8.4375,6.5625,-0.91015625,6.875,0.09814453125,1.484375,-3.125,-0.54296875,0.4453125,6.5,1.8125,-0.00390625,0.9375,-0.4296875,-1.65625,3.5625,0.458984375,-1.3515625,3.46875,-1.7890625,-3.796875,-1.78125,-1.65625,-5.46875,0.90625,-0.71484375,0.4609375,-2.421875,0.9453125,3.15625,-3.15625,2.421875,0.16015625,-0.36328125,-1.78125,-0.31640625,-0.796875,-1.53125,-1.84375,8.0625,1.546875,-2.875,-4.84375,-0.765625,2.734375,3.625,1.4296875,-0.68359375,-3.078125,0.0625,1.25,-1.15625,-1.96875,0.6328125,-0.81640625,-0.42578125,1.2109375,2.0,-1.078125,2.6875,2.109375,-1.109375,-0.39453125,-3.140625,-1.3984375,-0.3203125,-0.248046875,-3.65625,-2.40625,-2.78125,0.333984375,-0.171875,1.2734375,0.625,-0.7265625,-1.3828125,-1.484375,-3.5,-0.50390625,-0.88671875,0.30078125,-1.8359375,-0.8671875,-0.74609375,0.7890625,0.578125,-0.984375,8.1875,-1.515625,-0.578125,-4.625,-0.87109375,-2.140625,-0.4140625,-8.8125,0.06689453125,2.71875,1.0859375,1.90625,0.1640625,-1.796875,0.77734375,-0.2021484375,-0.8984375,-4.59375,2.125,-8.0625,1.0078125,-2.78125,-0.14453125,-2.21875,-1.3359375,1.2578125,1.9375,-3.796875,3.25,0.318359375,1.25,0.015869140625,-0.6953125,0.4453125,-2.453125,1.46875,-1.8046875,0.046875,2.796875,-14.0,0.30859375,9.0625,-0.80859375,-0.8125,-3.625,-4.0,-0.4921875,-6.1875,-1.2421875,-0.41796875,-0.33203125,-0.15625,1.3515625,0.109375,5.59375,-13.0,3.0,-1.046875,-0.80078125,0.35546875,-0.91015625,-0.96484375,-2.84375,-0.8359375,1.234375,-0.41015625,1.390625,0.2197265625,-1.03125,-1.265625,0.17578125,-3.59375,-1.1328125,1.5859375,1.390625,-2.4375,1.2734375,-1.5,-0.734375,2.265625,-3.875,1.046875,-1.9296875,2.171875,-8.0625,2.0,1.4296875,0.060546875,-0.53125,5.0625,-0.5,1.515625,1.0859375,-0.6171875,-0.578125,0.462890625,2.375,-0.38671875,1.890625,-0.7421875,-1.4140625,-2.578125,-1.0859375,-2.5,1.09375,4.4375,-13.5625,-1.03125,1.7109375,0.671875,0.765625,0.8359375,-1.125,0.703125,-0.046875,-0.9921875,1.6328125,-0.96875,-0.232421875,-3.3125,0.9609375,0.90625,-0.59375,-0.55859375,-2.09375,-2.3125,0.8515625,-12.6875,-3.921875,0.75,3.109375,1.109375,1.6328125,4.6875,2.21875,1.453125,-0.0234375,0.6328125,-9.6875,2.75,-4.3125,0.76171875,-0.1396484375,1.5,-0.349609375,7.0,-0.7109375,-0.447265625,6.625,-1.5625,0.0234375,-0.466796875,-1.0234375,-0.35546875,-2.09375,3.296875,0.8359375,2.09375,-1.7421875,0.46875,-2.453125,0.4453125,-2.03125,0.0703125,3.78125,-5.21875,-4.875,-0.6484375,-3.375,2.15625,5.28125,-2.453125,0.11669921875,1.1484375,0.28125,0.44140625,0.1728515625,-1.4453125,2.34375,-2.125,-0.2890625,1.1796875,0.421875,1.078125,-0.34375,-28.0,-4.8125,-3.671875,1.046875,1.625,-8.125,-1.859375,-0.08349609375,-0.8046875,-3.9375,0.42578125,1.609375,-5.5625,1.703125,-2.84375,-0.7734375,-2.9375,2.15625,-5.15625,1.8203125,-1.0,0.796875,0.7734375,-1.3203125,-1.703125,0.734375,1.5234375,0.8984375,-1.1015625,0.498046875,2.46875,2.53125,0.2890625,-3.25,2.09375,0.3828125,9.4375,1.5546875,-0.703125,-2.171875,0.54296875,0.35546875,-0.19140625,1.5234375,-0.77734375,3.90625,1.75,0.6171875,1.5546875,0.6328125,0.6015625,-0.625,0.95703125,2.71875,1.2265625,-0.8203125,1.46875,-2.265625,-1.625,0.259765625,0.90625,2.734375,1.1953125,-1.8984375,0.12890625,-0.99609375,-0.248046875,-1.9453125,-1.5546875,1.390625,-2.109375,0.236328125,-0.90234375,-2.03125,1.5234375,-0.140625,-0.6171875,0.69921875,-0.6953125,0.515625,1.296875,1.3671875,-1.46875,2.0,1.015625,0.251953125,-0.1083984375,-5.03125,-2.5,-4.75,-0.3046875,2.875,0.73828125,7.53125,1.5078125,-0.087890625,-1.3671875,-0.4453125,-1.203125,-0.2265625,-5.375,1.015625,-0.228515625,-0.0546875,-2.15625,1.0,-1.0625,-0.5234375,-1.671875,-2.3125,-0.15625,0.1796875,2.484375,0.609375,1.359375,-1.625,0.9375,-2.796875,-1.2265625,-0.7109375,4.96875,3.375,-0.5,-0.6484375,1.515625,0.546875,0.40234375,-2.578125,-0.75,1.96875,-1.5703125,-1.1328125,3.53125,-0.2578125,-0.58984375,0.6015625,-5.75,0.3359375,0.6328125,0.4140625,-0.51953125,-0.328125,1.2734375,2.96875,3.328125,-0.640625,9.5,1.421875,-8.6875,3.5,0.240234375,0.09765625,-1.9765625,-1.0,-0.5078125,-1.3125,2.71875,-0.75,1.125,-1.8671875,-0.24609375,6.8125,1.1015625,0.15625,0.030517578125,-1.09375,0.75,5.125,0.240234375,-0.4609375,2.609375,-0.546875,0.2177734375,3.296875,-2.828125,0.1015625,0.63671875,-4.59375,0.5859375,-0.08984375,7.4375,0.00390625,0.6171875,-59.25,0.5234375,0.2890625,-3.5625,-1.421875,1.75,0.5390625,3.3125,2.484375,-1.78125,0.55078125,4.125,1.125,2.5,-2.15625,0.0,-2.453125,-0.05712890625,-1.265625,-0.37890625,1.4296875,-6.71875,0.6015625,2.125,0.4765625,1.484375,4.5,6.15625,5.84375,7.1875,-2.578125,4.90625,-0.390625,10.625,-4.1875,0.16796875,-0.5625,-2.0,0.2578125,1.5625,-27.75,-0.7421875,1.15625,1.6953125,4.78125,-0.244140625,3.09375,-0.37109375,-3.0,0.44921875,0.396484375,-2.015625,-0.02734375,2.8125,4.09375,2.90625,0.21484375,3.015625,1.390625,-0.494140625,2.0,0.296875,-0.52734375,-0.86328125,0.1328125,1.78125,1.8046875,-0.98828125,-0.044189453125,-5.65625,-2.015625,-0.34765625,1.296875,3.28125,-4.0,3.703125,1.046875,-0.7578125,0.734375,-6.71875,2.265625,1.140625,3.03125,-0.1171875,-1.828125,-0.63671875,-1.0625,1.0703125,-0.9453125,1.0546875,2.03125,-2.984375,-0.28125,3.28125,2.0625,0.6171875,-0.33984375,0.9296875,0.9453125,0.79296875,1.296875,0.10986328125,1.25,-9.125,0.265625,0.328125,-0.46484375,2.0,1.40625,0.53515625,1.7109375,2.125,-4.625,1.203125,1.2265625,-0.453125,-0.45703125,-2.03125,4.03125,-1.6015625,0.453125,-1.625,0.734375,1.34375,5.59375,-1.8359375,1.34375,-1.8828125,5.75,0.06640625,-2.375,-1.9296875,-0.49609375,4.5,-1.2109375,-1.40625,4.8125,-5.84375,1.75,-0.93359375,-1.703125,-0.61328125,-15.0,-2.390625,-1.0,0.2578125,0.1328125,0.6328125,3.671875,1.109375,-0.4375,-1.40625,1.2734375,0.6953125,-0.25,0.4921875,-2.5625,-3.3125,-2.09375,1.1015625,1.0234375,-1.828125,-0.06640625,-3.03125,1.703125,-0.6796875,1.1171875,-1.6875,-0.578125,-0.7109375,2.0,1.0625,0.271484375,0.83984375,-1.2890625,-0.4921875,0.9609375,-0.8671875,0.23828125,-0.56640625,0.7109375,1.40625,-2.8125,1.265625,-2.671875,0.921875,-3.28125,0.171875,1.3203125,-3.96875,-0.69921875,-2.140625,-1.265625,-1.25,3.421875,-0.34375,0.7265625,0.25,-0.21875,0.78515625,-0.625,1.421875,-1.46875,2.78125,0.7109375,1.2734375,0.224609375,1.3125,16.5,1.1953125,-1.984375,0.86328125,-1.8046875,-0.66796875,-1.28125,1.296875,-0.23828125,1.203125,-1.3828125,-0.2197265625,0.65234375,-0.296875,2.25,0.37890625,-0.244140625,-0.81640625,5.625,1.078125,-2.15625,10.375,-2.015625,-1.8671875,0.7109375,-0.279296875,5.5625,2.890625,-0.076171875,-1.578125,-0.61328125,5.6875,-0.9375,1.21875,-0.21875,0.0869140625,0.44921875,-16.125,-2.21875,4.84375,0.69140625,2.390625,0.5,2.21875,0.091796875,-1.140625,0.953125,1.0859375,-3.8125,0.412109375,-1.4375,-1.734375,-0.34765625,-1.859375,0.3671875,-1.3203125,-0.0546875,2.328125,-0.71875,-2.21875,1.640625,-0.875,0.90625,0.73828125,1.1640625,-2.34375,1.6171875,1.6171875,-4.0625,-3.53125,-0.244140625,-0.44140625,1.9921875,-11.25,30.0,-1.6015625,-1.2578125,1.125,-0.51171875,1.71875,-0.1572265625,0.380859375,-2.28125,-1.40625,1.1171875,-8.0625,-0.57421875,1.8046875,0.22265625,-12.75,-1.4296875,-1.3984375,-0.359375,4.0625,5.25,-0.890625,0.380859375,-1.796875,0.220703125,1.1640625,0.65625,0.46875,1.4140625,-2.390625,-1.203125,1.7265625,-2.09375,-0.85546875,-3.9375,-2.40625,8.375,1.53125,4.0625,-0.1953125,1.1171875,-0.49609375,-9.3125,1.0546875,3.625,0.5,-0.390625,0.5,-3.140625,0.6328125,1.5078125,1.8359375,1.0859375,-3.671875,0.15234375,5.0,0.349609375,-0.9296875,-1.28125,-0.443359375,1.7578125,-0.294921875,1.8671875,-1.6484375,5.0,-0.890625,-0.90625,0.6484375,3.078125,-9.5,7.375,-0.38671875,-1.71875,-0.8359375,-1.609375,1.53125,0.69140625,0.294921875,-0.59375,-0.85546875,3.8125,-0.96875,0.7421875,-2.5625,1.65625,-1.3046875,0.42578125,4.71875,-0.486328125,-1.03125,0.498046875,2.171875,-1.875,-2.625,0.97265625,0.90625,-2.8125,1.921875,-2.875,1.1484375,-1.3203125,0.79296875,-2.09375,0.9140625,-0.32421875,-0.28125,0.33203125,-5.34375,1.75,0.48046875,-3.125,-3.75,-1.0078125,-0.07421875,-9.5,-0.65625,-0.7109375,0.47265625,0.609375,0.02734375,-4.1875,-0.5390625,-1.7421875,-1.1953125,-1.140625,0.7421875,-14.4375,0.392578125,0.7265625,-1.46875,0.169921875,-0.8203125,0.7421875,-12.5625,-5.9375,2.734375,-2.96875,-5.09375,-0.8125,-3.3125,-2.6875,1.9609375,1.015625,4.25,-1.9609375,0.8828125,1.484375,-4.53125,5.78125,-1.59375,0.1875,4.0,-0.62890625,-2.515625,-0.0220947265625,7.8125,0.75,2.203125,-2.359375,-11.875,2.3125,0.6796875,-1.34375,0.01171875,1.875,-2.890625,1.25,-1.390625,1.28125,2.1875,-1.703125,-4.40625,0.0,-1.0,-0.9453125,-0.10546875,1.4765625,-2.03125,-1.359375,-2.96875,-1.015625,6.375,0.6328125,-7.4375,-0.50390625,0.37109375,4.9375,-1.015625,0.5546875,5.96875,-2.734375,0.6953125,-1.7734375,-0.24609375,0.1171875,-1.8125,-1.671875,2.3125,0.28515625,-1.421875,-10.25,1.828125,-1.578125,0.59375,1.578125,0.1640625,0.08203125,-2.34375,2.296875,-0.125,-1.7265625,-0.8515625,1.453125,-4.0625,9.6875,10.4375,1.9921875,-4.59375,-1.890625,-0.6171875,0.9453125,1.875,-3.796875,1.5625,-2.203125,-0.9296875,-0.5859375,-3.1875,2.59375,-1.03125,-0.17578125,-0.8125,-1.359375,0.1767578125,-10.75,0.09765625,1.0390625,-0.388671875,0.890625,1.3671875,15.1875,1.03125,-0.365234375,22.125,-0.2265625,0.19140625,5.1875,4.1875,0.16796875,0.236328125,-0.06640625,2.34375,-3.90625,1.1328125,-3.21875,-0.80859375,-0.2392578125,-0.9140625,0.1494140625,-0.671875,-0.017578125,0.6015625,0.6640625,-1.875,-0.59375,-2.125,0.1875,-5.96875,2.984375,2.609375,1.546875,-0.6640625,1.6484375,-1.1875,-4.28125,-1.34375,-0.0078125,-2.546875,-1.453125,-2.015625,0.1640625,-1.96875,-1.609375,1.7421875,-3.125,1.40625,2.1875,-0.9453125,-0.126953125,0.609375,-0.1142578125,-2.71875,1.15625,0.189453125,4.0625,-9.75,-1.546875,-1.28125,2.625,1.578125,-4.09375,-3.4375,-0.466796875,-1.7734375,-1.40625,1.5078125,-1.9140625,1.4375,-2.578125,-3.65625,-1.65625,-0.7109375,2.59375,4.25,-0.20703125,2.125,1.484375,-0.8203125,2.34375,-21.75,2.703125,1.625,-0.296875,-0.380859375,0.8984375,-1.046875,-2.875,-13.1875,1.53125,16.5,1.015625,-0.1953125,15.0,0.474609375,-2.203125,0.01953125,0.76171875,-0.65625,-3.921875,-3.265625,0.04296875,-1.984375,0.2158203125,0.6875,-0.162109375,-1.078125,-2.546875,-1.1875,-3.71875,-7.84375,8.5625,17.5,1.5625,-0.87890625,-0.390625,5.40625,-2.140625,-0.08203125,-2.9375,5.0625,1.515625,-1.75,1.0,-2.59375,0.48046875,-2.09375,-0.37109375,0.1162109375,-2.5625,-0.80078125,-0.2177734375,-0.90234375,-2.046875,0.0380859375,-0.921875,3.84375,4.3125,-1.2578125,2.875,-5.875,0.41015625,-0.5703125,0.34375,-1.8515625,-72.0,3.28125,0.84765625,1.671875,-1.234375,-0.1201171875,-2.40625,-0.5,-4.8125,-0.01953125,-2.625,1.015625,0.498046875,4.5625,-1.625,0.3984375,3.484375,-1.8046875,1.171875,-0.84765625,0.1708984375,-0.46875,-0.8671875,0.5234375,-1.53125,2.59375,0.70703125,-3.234375,0.2890625,-5.09375,-1.265625,-2.078125,-1.203125,0.2890625,-0.04345703125,-1.375,-5.59375,-2.0625,-0.46484375,3.515625,-0.1796875,9.25,0.59375,-4.53125,-4.0625,-2.0,-0.70703125,2.59375,-2.65625,-3.1875,-5.125,-1.0546875,1.1171875,-1.4609375,0.36328125,-1.0546875,0.6328125,-2.796875,6.8125,-2.640625,-1.7734375,-5.0625,2.375,-0.2578125,-3.0625,0.046875,1.171875,1.953125,0.63671875,-2.71875,-0.1708984375,0.625,1.640625,0.1015625,-0.76953125,-1.484375,-1.296875,1.515625,0.828125,-1.65625,2.34375,-7.34375,1.015625,0.6171875,0.27734375,0.380859375,-9.6875,4.0625,-2.25,-2.203125,-1.4140625,-5.84375,2.0,0.26171875,-5.96875,0.34375,1.8515625,-6.09375,-0.169921875,-2.96875,4.40625,-1.171875,-2.671875,-0.828125,0.9453125,0.37109375,-0.34375,-0.00390625,1.390625,7.0625,-0.099609375,-1.53125,5.21875,0.12109375,-3.390625,2.578125,1.875,-2.75,0.046875,0.32421875,-1.875,-1.28125,-0.1015625,2.0625,-0.30859375,2.4375,-0.08984375,-1.453125,-0.416015625,-0.80859375,0.28125,0.25,3.0625,-0.6171875,0.0145263671875,-0.05078125,-3.5625,-4.90625,-0.515625,-10.125,2.734375,5.0,3.5,-1.4453125,-0.025390625,5.0,1.2578125,-3.53125,-0.052734375,-2.875,-0.2578125,2.265625,0.4375,7.875,4.1875,-0.46875,-2.078125,-1.09375,1.9140625,2.125,2.125,0.9921875,2.015625,1.8984375,1.546875,3.046875,4.375,3.53125,-0.61328125,-3.09375,2.390625,-2.640625,0.10693359375,-1.640625,-0.115234375,0.51171875,0.328125,-3.65625,-1.3984375,-0.515625,3.546875,-1.65625,8.8125,-0.82421875,-3.484375,1.53125,-0.375,-3.421875,-1.8828125,-2.296875,0.21484375,-1.21875,-8.4375,-0.28125,-3.546875,2.484375,-0.46484375,2.3125,-0.953125,1.296875,-0.4609375,-1.765625,0.0,-0.9375,-1.953125,0.248046875,1.3828125,7.3125,-14.4375,2.375,3.171875,1.9140625,2.921875,-3.25,0.404296875,-0.57421875,-3.03125,1.3046875,1.890625,-0.9296875,1.671875,1.3203125,-0.39453125,-2.15625,4.03125,-5.1875,-0.90234375,-0.0390625,-5.1875,-0.9140625,-1.40625,-1.59375,-1.171875,-2.984375,-1.59375,3.078125,7.96875,-2.296875,-3.8125,-0.220703125,3.96875,0.5625,0.36328125,1.125,2.65625,-0.50390625,-4.8125,1.1640625,-0.5703125,-17.125,-2.84375,-2.5,3.0,4.59375,-1.859375,3.546875,-0.55859375,0.375,2.25,-1.375,2.71875,-0.80859375,0.71875,-0.94921875,-2.484375,-3.90625,-1.7109375,-3.546875,-0.77734375,-1.78125,0.37890625,-0.216796875,2.234375,0.12109375,1.703125,-1.46875,-1.390625,0.53125,1.4765625,-0.7890625,2.015625,-1.359375,-0.69140625,1.5078125,-2.46875,-1.9296875,-0.35546875,-1.3828125,-3.421875,-6.375,-0.6796875,-2.65625,-3.390625,0.109375,-65.0,1.2265625,0.07421875,1.203125,3.640625,3.71875,0.5390625,-0.46484375,-1.1328125,2.25,0.66015625,1.734375,1.2109375,0.01953125,0.59765625,1.359375,1.328125,-1.5,-0.1171875,-1.71875,1.59375,0.546875,-0.66015625,1.3984375,3.46875,-0.6953125,2.09375,-1.6171875,-1.5625,-0.2734375,-0.59765625,1.7734375,-3.796875,0.3515625,0.92578125,6.9375,0.93359375,2.90625,0.82421875,-0.8203125,-1.578125,1.15625,0.59375,0.19921875,-0.09375,-1.8203125,0.50390625,-1.890625,1.7109375,-3.296875,-1.0234375,-1.625,-1.09375,-0.8828125,-3.90625,0.45703125,1.75,0.16796875,1.734375,-0.921875,-0.3359375,3.75,-0.03515625,3.9375,0.0859375,-0.875,0.65625,2.015625,3.765625,-1.46875,-2.296875,0.3515625,7.8125,-3.1875,2.859375,0.0546875,0.33203125,-0.8515625,-4.46875,1.703125,-5.59375,3.46875,-1.203125,-0.234375,-3.34375,9.125,-0.38671875,2.203125,2.34375,1.2578125,0.408203125,15.25,0.609375,-1.3671875,0.4609375,-6.90625,1.265625,2.015625,-0.72265625,-1.7890625,0.7578125,11.875,-0.23046875,-2.40625,-8.75,-0.6640625,-0.921875,-3.328125,-1.046875,1.0703125,-0.1328125,-0.4453125,-1.8671875,3.21875,0.6171875,3.1875,1.34375,9.3125,-0.3984375,-0.056884765625,2.21875,-0.296875,-3.515625,-1.21875,6.5,2.75,1.203125,-1.09375,0.88671875,1.0546875,5.0625,-0.57421875,-0.8671875,3.09375,1.40625,-4.25,-2.765625,-0.166015625,1.03125,0.7578125,2.90625,2.078125,-1.90625,4.25,-6.875,-1.0546875,0.203125,1.0546875,0.703125,-0.431640625,-0.14453125,-2.171875,-0.9765625,-0.8671875,-4.03125,-0.19921875,-3.0,2.1875,0.546875,2.109375,-0.4140625,0.208984375,0.875,-0.40234375,3.484375,20.75,-1.453125,-1.09375,0.306640625,1.078125,-1.96875,3.046875,-0.90625,1.5546875,-1.671875,-6.75,-1.453125,-4.1875,-3.625,0.72265625,-0.6484375,-1.109375,0.06640625,-4.375,4.25,1.9765625,-0.68359375,11.9375,-3.953125,-1.4296875,-0.515625,0.34765625,0.76953125,0.01171875,-3.5,-1.5390625,-1.7578125,0.703125,-2.703125,2.984375,-4.9375,0.7578125,-3.09375,-0.8125,-4.625,-37.75,2.0625,-1.1875,0.025390625,1.2265625,-1.3671875,-1.40625,-0.62890625,1.2890625,1.765625,-5.65625,0.890625,5.84375,0.06640625,-0.546875,2.421875,1.7734375,4.09375,1.3984375,0.138671875,2.03125,-0.94140625,-1.265625,1.203125,-0.490234375,2.140625,1.3125,-0.017578125,2.15625,-5.1875,14.75,-0.875,3.53125,2.03125,-6.1875,7.75,-0.390625,1.421875,2.21875,-1.90625,0.46875,0.27734375,-3.1875,3.828125,0.28125,6.09375,-0.45703125,-0.5859375,2.140625,-3.828125,-1.28125,-0.6171875,-2.484375,-1.578125,3.125,-2.328125,-0.5546875,-0.61328125,0.8359375,-0.3671875,-1.390625,-0.2890625,1.875,-1.65625,-0.19140625,0.0234375,0.296875,5.9375,2.125,-0.21875,-1.2578125,2.53125,-0.57421875,-0.29296875,-1.4765625,2.234375,-0.443359375,-1.15625,0.1484375,-7.15625,1.6875,-1.6875,6.9375,1.265625,-1.0078125,2.375,-0.046875,-5.625,0.40625,-1.671875,-4.75,1.65625,-1.8125,2.75,-0.78125,-0.462890625,1.3671875,0.130859375,-0.27734375,-0.263671875,-2.390625,2.0,5.71875,11.9375,2.046875,-1.15625,0.77734375,-2.53125,-0.1259765625,-1.9140625,1.6640625,3.90625,-1.6640625,-3.203125,0.9375,-1.9140625,0.05859375,-0.28515625,-0.37109375,1.328125,0.2109375,5.3125,1.046875,0.484375,-4.25,-0.703125,1.78125,10.0,1.3671875,7.4375,-5.65625,-6.75,-0.89453125,1.3203125,2.578125,-0.54296875,-0.83984375,0.37109375,0.125,9.625,-2.5625,-2.65625,0.28515625,0.63671875,-0.80078125,0.6171875,-2.03125,0.38671875,1.1796875,-0.8671875,0.8515625,0.3203125,-0.890625,-2.328125,-1.703125,-13.4375,2.640625,-0.7578125,3.4375,-0.23828125,-1.46875,-0.3203125,-0.84765625,-10.9375,-1.921875,-1.1484375,-1.4921875,-0.1181640625,-6.3125,1.703125,1.21875,-2.25,-2.859375,-1.109375,3.5625,-1.40625,1.5234375,0.45703125,2.40625,-2.40625,4.59375,1.3984375,1.421875,1.03125,-0.236328125,3.78125,-5.03125,0.02734375,1.9140625,0.306640625,1.296875,0.953125,1.609375,0.40625,1.609375,1.3046875,-0.87890625,-0.1015625,-3.34375,0.1328125,-5.4375,0.01953125,-1.453125,-4.28125,0.29296875,1.1796875,-36.25,0.515625,-1.8359375,-1.09375,3.09375,2.15625,-1.8046875,8.125,-2.046875,1.984375,-1.28125,1.9921875,-0.1796875,-11.5625,-3.015625,1.1640625,-0.1484375,1.4453125,-2.125,7.65625,4.9375,1.3125,-1.046875,-0.212890625,0.8671875,0.59375,-0.8984375,-0.8828125,-0.0703125,-0.36328125,-1.46875,-0.298828125,6.96875,-2.0625,3.5625,-1.5390625,4.0,-4.71875,-1.9609375,-2.1875,11.125,0.39453125,2.53125,-1.359375,-0.36328125,-2.0,-0.94140625,3.875,-0.296875,0.04296875,2.125,12.875,1.4453125,-0.07421875,-1.015625,3.625,-4.71875,2.59375,0.53125,-1.984375,1.2421875,-0.87109375,0.23828125,-1.296875,0.59765625,-1.421875,-3.21875,-1.7109375,-2.03125,1.8515625,1.234375,-2.015625,0.70703125,-2.96875,2.015625,2.4375,0.162109375,1.4609375,4.71875,3.1875,-1.0,0.5078125,-3.984375,0.08203125,1.46875,0.17578125,-1.2265625,-0.39453125,-0.31640625,-3.28125,-0.09619140625,1.8828125,2.34375,-3.546875,9.8125,3.140625,0.625,-2.0,0.77734375,1.046875,3.0,0.62109375,-2.1875,1.0859375,-10.25,3.75,2.296875,-0.1171875,1.03125,0.12890625,1.53125,-0.640625,-1.28125,-0.6875,0.318359375,0.0361328125,1.234375,-2.625,0.8046875,-3.09375,-1.1484375,1.203125,-4.78125,0.294921875,0.2890625,-5.625,-2.890625,-0.119140625,-1.140625,2.0625,1.5703125,1.2109375,-1.515625,1.046875,0.78125,2.9375,-1.5,1.5390625,1.5,-1.09375,0.6328125,-1.0625,-1.8515625,0.18359375,12.8125,-2.296875,1.4296875,0.359375,-1.671875,-0.39453125,0.921875,5.53125,0.82421875,-3.703125,-2.3125,0.9375,-0.5078125,12.0,3.515625,-1.1484375,0.7890625,-0.9921875,1.4609375,0.51953125,3.21875,-1.40625,0.03125,-0.6640625,0.7578125,0.74609375,1.03125,0.7890625,0.1171875,-0.23828125,-2.125,-0.08203125,0.7578125,2.078125,-1.40625,-11.25,-3.40625,1.5390625,-0.0859375,5.5625,1.546875,-0.279296875,-3.921875,-1.640625,2.09375,-1.203125,-0.484375,2.015625,1.84375,-2.515625,0.90625,-1.9375,-3.765625,0.0703125,1.40625,-2.953125,2.65625,1.8828125,6.3125,2.65625,1.046875,1.984375,-2.0,-2.375,1.21875,-2.78125,1.859375,0.6796875,2.8125,2.234375,4.125,-0.125,0.98046875,2.015625,-0.890625,-1.0390625,2.3125,-15.0,1.015625,5.65625,2.3125,-1.390625,0.6875,0.01953125,-4.125,1.8359375,3.015625,-2.46875,-1.1875,-0.46875,-1.796875,-0.34375,1.375,0.01953125,-2.578125,1.6015625,-1.6328125,-3.03125,-0.4765625,2.765625,0.9609375,0.84375,-0.068359375,-3.328125,2.140625,-2.765625,-0.875,1.0390625,0.130859375,0.099609375,-4.8125,-1.375,2.28125,-1.7890625,-0.259765625,-4.6875,1.9140625,-0.083984375,-3.359375,-2.90625,1.734375,1.375,0.99609375,0.150390625,2.765625,-2.90625,0.453125,-1.984375,13.5625,1.6953125,-0.37890625,-3.71875,-1.4609375,-0.3515625,-1.1875,-0.396484375,-8.0625,3.78125,0.390625,2.0625,1.5390625,0.515625,0.33203125,5.0,-0.85546875,3.0625,3.484375,-2.375,-0.578125,-2.484375,1.109375,0.796875,-2.375,1.078125,3.03125,1.4140625,4.1875,16.5,0.3984375,-0.56640625,-0.83203125,1.453125,0.48828125,-4.46875,-1.90625,0.546875,-4.875,-1.2578125,0.078125,-0.9453125,-3.75,0.333984375,0.203125,-2.171875,-0.1796875,2.78125,2.078125,1.828125,-1.90625,-0.2421875,0.53125,-4.375,1.28125,0.283203125,0.484375,-0.1015625,6.6875,0.47265625,0.4921875,-0.703125,1.0859375,1.7890625,-0.9609375,1.5859375,-2.984375,0.03125,-2.0,-2.125,-2.0625,3.265625,0.1796875,-1.625,1.25,-2.140625,-2.28125,2.53125,1.109375,0.08203125,-3.75,4.46875,-2.28125,-0.75390625,-1.484375,-1.453125,1.375,-0.75,-1.8359375,-1.734375,-1.96875,2.15625,3.59375,2.640625,1.71875,0.5703125,-0.828125,0.00390625,12.3125,-2.1875,2.796875,-1.0625,10.0625,1.3359375,-1.0703125,1.203125,0.03125,-2.078125,2.453125,3.0,-0.93359375,-7.78125,4.09375,1.5,0.36328125,-0.63671875,-0.470703125,-1.96875,2.953125,-6.125,0.953125,-2.8125,0.703125,0.328125,1.0859375,-1.703125,1.4296875,0.4609375,0.48046875,-13.0625,-3.8125,3.328125,-1.3125,-0.01171875,1.2109375,-1.9140625,1.359375,-2.546875,-1.28125,1.296875,2.5625,1.7421875,0.390625,-1.765625,-1.78125,1.8828125,1.703125,7.28125,0.76953125,-0.671875,1.1640625,-1.4765625,-0.11376953125,3.28125,-1.8984375,-1.9765625,-0.01708984375,0.72265625,0.3359375,0.546875,3.5,0.31640625,5.125,0.44921875,0.58203125,0.5078125,0.3125,-0.3125,-1.2421875,0.361328125,-0.7265625,1.578125,4.4375,2.609375,-0.35546875,-1.015625,1.4921875,1.921875,-0.408203125,2.703125,-4.1875,4.53125,1.0546875,3.484375,0.8203125,0.0,-0.984375,1.453125,0.4140625,3.09375,-2.359375,-10.5,-3.8125,-0.5625,-0.890625,-3.671875,-2.75,0.0732421875,-2.34375,-1.8359375,2.1875,0.58984375,1.421875,-6.8125,-4.53125,-0.59765625,7.21875,5.53125,5.25,2.4375,-16.25,0.94921875,1.046875,-3.078125,-1.171875,0.67578125,26.75,2.25,1.0546875,1.1328125,0.91015625,2.1875,1.28125,1.0625,0.765625,0.412109375,-0.07421875,-1.4921875,-0.77734375,-0.8671875,-1.1953125,-0.52734375,-0.470703125,0.28515625,-0.5078125,1.8125,-2.125,-2.0,-12.0,-2.15625,3.609375,0.83984375,0.73046875,1.03125,-2.03125,-3.203125,0.52734375,0.69140625,4.0,-0.66015625,1.921875,-1.390625,-16.5,2.984375,1.1875,0.3125,0.2265625,2.796875,5.6875,5.09375,6.3125,-2.015625,3.96875,4.0625,-5.0625,-7.1875,2.1875,-7.0625,0.064453125,-1.703125,-0.99609375,-1.125,0.1640625,-4.5625,0.31640625,-3.875,-2.4375,-9.1875,2.390625,0.76953125,-2.65625,3.5625,0.953125,-1.59375,-0.61328125,-4.15625,-1.71875,1.3984375,1.2734375,-3.625,2.703125,-0.4375,0.83203125,0.26953125,2.859375,-2.0625,1.75,-1.703125,2.46875,1.0703125,-0.0078125,-1.6875,-28.0,-3.28125,-0.96484375,2.4375,1.3046875,-1.0859375,6.5,2.921875,-0.234375,-0.337890625,0.41015625,0.5859375,0.7421875,-0.99609375,-1.53125,4.84375,-0.109375,-0.34765625,1.09375,-1.6796875,-2.21875,-3.859375,10.3125,1.1640625,-2.15625,-0.4921875,-1.75,1.453125,1.140625,14.5,-2.171875,1.6953125,-2.46875,-2.0625,-5.25,1.03125,-1.421875,1.8203125,1.0625,1.640625,-2.84375,-0.9765625,1.84375,-0.1328125,1.3125,0.80859375,0.28125,4.28125,0.546875,1.4921875,9.5625,0.83984375,-1.7734375,-1.6796875,0.5625,-0.10546875,-0.984375,-0.63671875,-1.578125,-1.6171875,2.03125,0.94140625,1.2734375,-17.75,2.09375,2.390625,2.390625,4.3125,-0.37890625,-2.671875,0.921875,-0.75,-0.146484375,1.015625,-0.29296875,-1.28125,-0.39453125,-0.75,0.5546875,5.25,-2.59375,0.67578125,2.359375,2.328125,0.25,0.20703125,1.0625,0.5390625,1.5078125,-1.921875,-10.875,0.6875,0.9453125,-0.40234375,-7.65625,-1.6015625,5.1875,-0.7109375,-2.125,3.609375,0.369140625,3.34375,-9.625,-2.609375,2.1875,4.125,0.94140625,2.875,-0.96875,-7.09375,-0.5234375,0.07373046875,-0.494140625,-0.609375,1.2421875,-3.609375,1.03125,-1.4296875,3.140625,-3.953125,-6.0,-3.09375,0.234375,14.8125,0.34375,0.78125,-1.625,3.984375,0.66015625,8.25,-2.796875,3.9375,2.0,-3.515625,-0.2578125,-1.5390625,3.109375,-1.953125,2.78125,2.40625,-2.0,1.390625,-0.96875,0.71484375,-10.75,-2.84375,-0.75,-3.0,-2.375,3.703125,1.9296875,0.080078125,17.25,0.6875,0.75,-2.9375,1.703125,0.96484375,1.078125,-0.125,-1.1015625,-0.28515625,-3.625,3.875,-2.015625,0.1015625,0.390625,0.3671875,-0.40625,-1.1484375,-2.6875,-0.90625,-0.01953125,-0.96484375,-2.609375,0.2158203125,-2.765625,0.00390625,1.984375,1.3125,4.125,-0.140625,-0.63671875,-1.9375,-2.5625,-1.09375,0.294921875,2.6875,1.484375,-0.0703125,3.484375,1.96875,-0.484375,1.578125,2.5625,0.337890625,2.421875,-2.671875,2.234375,-1.171875,-0.546875,2.9375,0.46484375,4.875,1.21875,1.34375,0.640625,0.7734375,0.185546875,-1.234375,-0.2578125,-0.5234375,0.9453125,-0.88671875,-4.375,1.9765625,1.265625,0.470703125,1.859375,0.58203125,-1.296875,-0.75390625,-2.265625,0.46875,17.75,2.4375,-2.0625,3.21875,0.8515625,4.78125,0.75,2.3125,0.859375,-3.921875,-0.16015625,0.5234375,-8.0625,-31.25,1.5546875,-0.96875,0.421875,-4.4375,0.41796875,-1.953125,-1.7109375,-2.671875,-0.306640625,0.291015625,3.1875,2.59375,0.9921875,-0.1025390625,0.5859375,-6.78125,-2.03125,-0.50390625,-0.224609375,0.1484375,-2.234375,3.84375,1.265625,1.609375,-0.349609375,2.125,0.0078125,-1.6875,2.96875,1.2578125,0.302734375,-2.796875,-1.125,-3.328125,4.15625,-0.0859375,-1.59375,1.0859375,0.21875,1.0,0.4296875,-1.171875,-2.203125,1.125,-1.546875,2.578125,-3.140625,3.0,-0.78125,1.25,-0.65625,0.78125,-0.6171875,1.609375,1.328125,-0.146484375,-0.44921875,-1.0703125,2.09375,5.6875,-0.56640625,-0.734375,-0.1435546875,-0.68359375,75.0,-0.1171875,-10.0,-0.875,1.375,-0.6484375,-1.1640625,-0.16796875,-1.4453125,-1.1015625,1.546875,-3.921875,0.546875,-0.9609375,2.3125,-2.0,0.73828125,-1.21875,-1.390625,-0.2333984375,1.65625,-0.421875,-0.65625,-0.24609375,0.3671875,-0.42578125,0.56640625,2.328125,-2.1875,-2.21875,1.046875,4.90625,0.013671875,2.25,-0.015625,-1.640625,-0.875,-4.1875,0.828125,0.03125,1.953125,-3.0625,0.81640625,-1.34375,-0.6015625,1.4140625,-0.302734375,-0.2734375,1.46875,0.0,3.828125,-0.9609375,-2.28125,-1.8359375,9.3125,5.125,0.0078125,-1.4609375,0.56640625,-5.4375,0.38671875,-1.796875,-1.0546875,-3.0625,-0.02734375,-1.6484375,-1.7109375,3.40625,14.125,12.3125,0.38671875,3.421875,1.3984375,-1.765625,0.0234375,2.65625,-1.015625,0.98046875,-1.0078125,0.1708984375,-1.796875,-0.1015625,3.59375,-1.546875,0.7421875,3.28125,-2.75,-0.99609375,6.5625,-0.1796875,1.515625,-1.3515625,0.3359375,-2.953125,0.3203125,-1.984375,-1.25,1.6953125,-12.625,-1.640625,-25.5,-1.6640625,0.875,-0.2373046875,-0.5625,4.375,4.09375,2.03125,-4.0,-1.03125,6.34375,-1.875,-0.15625,0.45703125,3.375,9.1875,1.9140625,0.91796875,0.09765625,-34.25,-0.359375,-0.81640625,-3.59375,-0.482421875,0.455078125,1.2578125,0.08203125,4.5,0.2265625,-2.5625,2.21875,-1.4140625,0.22265625,1.328125,0.08203125,-3.1875,-2.125,-0.62109375,1.1796875,-0.05078125,-0.49609375,-0.65625,1.65625,-1.203125,-1.9921875,-1.515625,-1.921875,-1.734375,0.75390625,1.65625,3.03125,-1.578125,-2.078125,-0.310546875,-1.2578125,0.203125,1.8046875,-2.875,0.1484375,-8.375,0.78125,0.326171875,0.9765625,0.5703125,0.02734375,-1.234375,0.890625,3.0,0.203125,0.91796875,-0.9921875,0.92578125,-2.34375,1.046875,1.0390625,-0.5234375,0.28515625,-0.39453125,-10.875,1.453125,0.41796875,-0.84375,0.236328125,2.453125,-0.046875,-0.9765625,1.8046875,-1.3046875,-5.625,-1.4140625,-1.125,-0.640625,1.453125,-0.99609375,0.1953125,-3.3125,-0.076171875,0.1142578125,1.890625,0.48046875,-0.1796875,3.375,-4.71875,0.10498046875,-0.8125,5.25,0.2314453125,-1.8125,3.921875,1.234375,0.0859375,-2.09375,-2.734375,-2.265625,0.70703125,-1.0703125,4.4375,4.59375,5.4375,7.875,3.015625,3.109375,1.9375,0.578125,-3.359375,-1.4765625,-2.046875,-0.361328125,0.44140625,-0.73828125,0.5703125,1.5078125,2.53125,-0.75,0.087890625,1.015625,-0.83203125,1.140625,-1.65625,-1.5,-1.6171875,-2.390625,0.0078125,-1.1484375,0.478515625,-0.8828125,1.578125,2.0,0.9453125,-2.125,5.09375,0.9375,4.0,-0.24609375,-0.85546875,3.84375,3.09375,-0.2021484375,-6.15625,-0.9921875,1.8125,-0.263671875,0.984375,-26.25,3.6875,-1.8671875,0.6640625,-1.375,0.5703125,1.046875,-2.0625,-0.4453125,-1.9765625,-1.3046875,0.095703125,-1.0859375,-0.7578125,0.6484375,1.7421875,2.40625,0.19140625,-0.091796875,2.75,2.4375,-0.138671875,-1.5,1.4140625,-4.09375,1.1875,3.546875,10.0,-2.0,-1.375,-6.8125,-0.380859375,2.921875,3.234375,-0.328125,-0.6640625,0.56640625,7.1875,-2.3125,8.8125,-0.25390625,0.84375,-2.078125,0.76953125,-1.0234375,0.984375,0.3671875,-0.484375,0.6640625,0.796875,0.7578125,-1.9609375,-0.283203125,-0.94140625,0.26171875,1.7421875,1.640625,0.92578125,-0.0546875,-0.30859375,-0.0390625,2.03125,-0.52734375,1.515625,-4.5,2.25,-6.25,2.25,2.546875,-0.078125,2.546875,6.03125,2.78125,-0.30859375,-1.140625,-0.9765625,-2.546875,-0.5546875,-0.94140625,-0.28125,3.15625,-0.73046875,2.828125,-2.734375,-5.71875,-1.75,10.1875,-0.482421875,-0.087890625,-0.80859375,-1.3828125,-1.03125,-1.6328125,-1.3125,0.265625,3.15625,1.3359375,0.8125,0.5234375,1.6953125,1.7890625,-1.1328125,-2.359375,1.828125,-3.5625,-6.65625,-4.1875,2.96875,1.8203125,-2.21875,0.90625,-0.416015625,3.171875,-1.171875,-0.6484375,-1.3125,-0.1962890625,1.0625,-0.78125,-2.796875,-1.171875,-2.3125,1.046875,0.8515625,-1.4453125,-1.2578125,-3.328125,0.84375,-2.40625,-1.765625,-4.15625,1.2265625,-0.27734375,-3.078125,-2.96875,0.296875,-0.7265625,-1.859375,-4.0625,-0.1845703125,9.5625,-2.53125,1.953125,0.25390625,1.0546875,2.796875,3.03125,-1.6484375,-4.40625,1.8125,0.5625,-12.5625,-1.4765625,17.5,-1.0390625,2.28125,0.953125,-1.15625,-1.953125,5.53125,0.8828125,2.640625,-0.33203125,-1.6015625,-0.8046875,2.78125,0.59375,0.416015625,0.26171875,1.140625,2.15625,1.4375,0.125,-2.171875,0.796875,-0.6015625,0.15234375,0.2421875,1.421875,4.59375,2.671875,2.6875
6,1.40625,-2.453125,0.9609375,-2.6875,-0.2138671875,-1.890625,-1.96875,-2.59375,0.197265625,-8.4375,1.125,1.4453125,-2.234375,3.25,0.314453125,-1.1328125,-2.21875,0.15625,2.296875,4.0,-1.609375,-0.84375,0.5546875,1.0390625,-4.5,10.3125,-1.3828125,2.234375,0.1103515625,-0.61328125,0.74609375,-0.498046875,-0.24609375,-2.65625,-2.171875,0.2578125,0.921875,-6.34375,4.8125,7.875,-1.5,-0.45703125,0.0048828125,0.19140625,0.66015625,-3.34375,0.9140625,-2.015625,-5.625,1.921875,3.140625,2.15625,1.890625,-2.109375,-7.40625,-0.63671875,0.41796875,-8.9375,-1.9375,0.98046875,-1.125,-1.375,-0.03515625,1.359375,-2.953125,3.046875,4.40625,-11.625,-1.25,-0.08837890625,-0.138671875,8.8125,6.40625,-0.52734375,5.5625,-3.265625,-0.09375,-0.0673828125,0.546875,3.578125,-0.91796875,-2.96875,4.25,-0.55859375,1.8125,0.765625,-4.09375,-2.25,-4.875,0.185546875,-1.171875,0.08984375,2.078125,-6.8125,-0.7578125,4.75,1.2578125,-1.703125,-3.078125,-0.00390625,1.3828125,0.74609375,-4.03125,-1.265625,-9.6875,8.5,-0.46875,-1.4453125,-3.09375,3.09375,1.8984375,0.20703125,1.8515625,-1.234375,-3.3125,5.0625,-1.953125,1.2578125,-1.3125,3.0,-1.15625,-2.359375,-2.78125,3.859375,-0.77734375,-0.259765625,0.8359375,-0.26171875,-0.1484375,2.890625,1.828125,-0.71875,-2.875,0.203125,-0.578125,0.5546875,15.5,0.482421875,-5.0625,-5.34375,0.140625,-0.796875,-1.734375,0.51171875,-3.125,-0.96484375,-5.9375,-1.453125,0.3125,1.78125,-8.3125,-1.6171875,0.6796875,4.625,-1.515625,-3.125,-4.46875,4.1875,1.328125,-0.88671875,-8.5,-5.09375,1.609375,-6.75,0.67578125,-1.1484375,0.73828125,2.96875,0.68359375,1.46875,-2.609375,5.40625,3.0,2.171875,1.984375,-1.28125,0.53125,0.072265625,0.3671875,-1.140625,-3.625,-0.76171875,-1.875,0.984375,1.734375,1.234375,-0.03125,0.1640625,-0.279296875,-0.57421875,-3.0,1.0703125,2.953125,-1.328125,-0.75390625,1.5625,-2.21875,-1.734375,2.40625,1.7578125,-6.34375,-0.478515625,5.375,0.66796875,0.3203125,3.15625,-4.28125,1.4296875,7.875,4.25,-1.8984375,2.5,21.0,-1.625,-1.4375,-0.25,-0.2265625,-8.875,1.3984375,2.265625,-0.17578125,3.828125,-0.546875,1.9609375,1.03125,-0.6328125,0.75390625,0.5078125,12.1875,-2.71875,-0.84375,-1.4296875,-0.44921875,12.5625,-0.84375,-1.0078125,-2.171875,-0.35546875,-0.296875,-6.03125,0.4453125,2.5,0.54296875,-0.44140625,-2.390625,-1.3515625,0.49609375,-1.5,3.8125,4.0625,1.1015625,5.5,0.1943359375,2.25,-2.046875,-1.71875,3.84375,4.9375,-0.3359375,-1.4921875,2.4375,2.1875,-1.375,0.359375,-0.375,-0.1484375,-2.8125,-0.181640625,2.71875,-0.2578125,-0.38671875,-1.9609375,-2.390625,3.296875,-6.375,-4.46875,1.828125,-4.0,0.0,-2.65625,-4.15625,-0.66015625,4.8125,-0.75,1.828125,-0.435546875,0.94921875,-2.5625,3.21875,-0.4140625,-2.796875,-1.09375,-0.6015625,6.5625,3.28125,5.6875,-0.40234375,0.455078125,0.671875,2.875,-0.89453125,-0.36328125,0.75,-1.4609375,-2.75,-0.953125,-2.171875,0.93359375,1.1484375,-0.63671875,-3.90625,0.51953125,-7.25,-0.8671875,-3.46875,23.375,2.65625,-2.4375,0.6328125,1.3984375,-2.875,-4.1875,2.1875,0.001953125,-3.5625,-2.96875,-1.9453125,1.40625,-9.4375,-7.03125,-3.375,-2.90625,0.337890625,-2.3125,-3.328125,-1.09375,0.00390625,2.09375,0.5703125,2.796875,-1.9453125,1.6171875,-0.337890625,0.3671875,6.15625,0.5859375,-0.4453125,-3.34375,-0.796875,-0.40234375,-6.875,-14.1875,-9.0625,-1.03125,3.484375,3.265625,-0.7421875,-1.828125,-4.9375,-0.9921875,-5.3125,2.46875,0.390625,-5.8125,2.375,0.27734375,0.9296875,1.65625,1.921875,0.140625,1.171875,0.34375,3.078125,-1.328125,-0.1953125,1.2734375,-1.09375,0.78515625,-1.0625,0.35546875,3.6875,8.75,2.453125,-1.21875,-1.7265625,0.9296875,-1.4140625,-3.796875,2.875,-0.265625,5.03125,-1.125,0.734375,-3.25,2.375,1.7734375,3.984375,1.171875,-0.15234375,-0.6640625,-0.212890625,-7.59375,-3.796875,0.0400390625,0.498046875,-0.35546875,-1.609375,4.625,-1.65625,-0.859375,-1.9609375,4.5625,0.609375,-7.8125,-2.1875,25.5,-0.33984375,1.2265625,3.8125,-9.4375,2.4375,-1.1328125,0.94140625,0.90625,2.171875,0.90625,-1.71875,4.875,-1.3828125,0.0234375,-0.51171875,11.3125,-6.875,-0.609375,4.6875,-5.6875,1.515625,4.21875,-4.0625,2.46875,-3.765625,0.9375,-5.84375,1.9765625,0.83203125,1.75,0.4140625,2.71875,0.86328125,0.94140625,3.09375,-1.40625,0.14453125,2.640625,0.6953125,-0.5,1.4921875,-0.37109375,3.265625,-0.30859375,14.875,2.390625,0.091796875,6.28125,0.98828125,1.34375,-2.078125,0.33984375,1.5,-1.8125,-0.1162109375,2.1875,-4.9375,-0.283203125,-1.203125,2.359375,-0.37109375,8.4375,0.51953125,-3.40625,2.71875,0.40625,-2.8125,2.375,-1.8984375,0.578125,-1.59375,-3.03125,3.359375,2.046875,-5.34375,1.2109375,-1.390625,3.015625,1.171875,1.375,-0.39453125,0.080078125,0.03125,-1.1875,2.65625,3.578125,1.5,1.2109375,10.625,0.279296875,2.3125,-1.9140625,3.34375,-2.203125,-1.171875,-3.6875,-0.1728515625,-0.8046875,0.296875,5.125,6.34375,-1.6171875,4.1875,-0.1171875,5.09375,-2.265625,-1.53125,-1.1171875,7.71875,4.53125,0.046875,1.0859375,0.0859375,4.46875,4.375,-3.625,1.421875,-8.25,3.546875,10.25,0.4375,2.234375,-2.078125,-1.6875,0.796875,-5.90625,-2.0625,-1.7578125,-1.2578125,1.8671875,3.21875,-1.6640625,0.54296875,0.7265625,3.75,-2.78125,1.5,0.66015625,4.8125,0.375,-4.375,-2.0625,-0.353515625,-0.7265625,-0.72265625,2.578125,-0.0439453125,-0.2578125,6.15625,-2.9375,2.375,0.6015625,-2.046875,1.578125,-2.671875,0.52734375,1.625,-0.41015625,-1.03125,2.15625,6.625,0.8671875,-0.49609375,0.71875,-0.68359375,-0.330078125,0.96875,1.390625,-2.625,0.7421875,-0.21484375,-0.1953125,1.359375,-4.875,-0.65625,-16.25,-0.408203125,-0.4921875,3.484375,-7.78125,-0.62109375,-4.625,-0.310546875,1.5390625,-1.3984375,1.2109375,-0.328125,1.2578125,0.0078125,-0.0546875,1.0390625,-1.0390625,-1.6328125,-1.9453125,-2.578125,-2.296875,-2.28125,-1.0625,1.109375,-1.2265625,-3.75,-1.078125,0.1015625,-0.76953125,6.15625,0.4453125,0.318359375,-0.6328125,3.53125,-0.01953125,0.69921875,-1.09375,-1.5703125,2.59375,-3.5,1.1171875,2.09375,-6.84375,-2.078125,-0.81640625,1.7734375,1.75,-0.05859375,1.453125,1.71875,-0.984375,0.20703125,0.65625,-2.921875,-1.453125,2.125,-0.9609375,-1.328125,-0.05859375,-0.75,2.25,0.17578125,6.25,0.58203125,-3.234375,1.078125,0.90234375,1.28125,-2.40625,0.62890625,0.56640625,-3.265625,2.140625,2.140625,1.78125,-0.408203125,2.125,-1.046875,1.5234375,0.1015625,-1.265625,0.32421875,-8.25,-0.03515625,2.34375,1.5859375,0.7109375,-5.4375,-4.96875,-2.390625,1.21875,-0.8125,-9.125,8.0625,0.37109375,1.03125,-1.2890625,0.6015625,0.4375,9.875,-7.75,2.203125,-42.75,0.671875,3.078125,-3.484375,-1.125,1.6328125,1.6015625,-2.484375,1.6953125,-0.9921875,-0.56640625,-0.40234375,-3.28125,-0.88671875,-0.48828125,4.21875,-1.3671875,3.0,-2.53125,-10.875,-1.25,1.421875,8.375,1.359375,-0.56640625,-1.296875,-2.78125,12.3125,-0.421875,-1.5859375,-0.79296875,0.96875,3.40625,0.8046875,-3.171875,-0.32421875,3.546875,0.140625,0.8828125,-1.7890625,0.8671875,1.390625,2.703125,4.28125,-0.04296875,3.734375,-3.109375,-3.4375,1.5859375,-1.7421875,1.578125,3.0,-3.453125,0.546875,2.1875,-1.78125,-1.453125,-0.16796875,0.703125,-13.25,-3.3125,2.734375,1.6328125,8.4375,-4.125,0.32421875,3.75,-0.71875,-1.2578125,2.09375,-0.0703125,-1.609375,1.0234375,3.078125,4.0,6.0625,-2.15625,0.234375,1.875,1.7109375,0.5546875,3.0625,-2.90625,-0.98046875,-1.5234375,3.109375,-1.984375,0.953125,-1.6875,-1.0546875,1.546875,2.96875,1.59375,4.9375,-4.25,-2.96875,2.125,-1.34375,-1.0703125,-3.484375,-1.1015625,4.1875,-0.7890625,3.078125,-0.7734375,0.22265625,-3.0625,2.15625,3.265625,0.25,3.46875,-3.65625,-3.203125,0.380859375,-2.125,0.0859375,-2.5,0.03515625,5.375,1.8515625,2.875,8.5,2.4375,-0.94921875,0.6796875,4.5,-2.734375,-1.6171875,1.3125,8.0,-0.09375,-2.953125,0.091796875,-1.796875,-1.0078125,-2.5,-0.58203125,12.5,0.578125,4.21875,-10.9375,-2.5625,1.0625,9.125,-1.609375,1.28125,-2.109375,0.138671875,-4.46875,-0.1953125,1.15625,-0.1171875,-2.515625,1.4296875,0.71875,-1.484375,7.25,-0.5703125,-0.51953125,-2.140625,-8.9375,1.0625,-1.3671875,-0.78125,1.6484375,7.75,5.1875,-5.75,1.90625,0.13671875,-0.28125,3.578125,-3.296875,-2.78125,3.28125,-2.03125,2.359375,1.1875,1.453125,-2.640625,2.5625,-3.828125,-2.140625,0.0859375,1.8984375,-2.734375,8.8125,1.015625,8.3125,-2.640625,-1.40625,-2.765625,-1.3125,-2.59375,-4.4375,5.0625,1.0,10.875,-2.109375,-0.193359375,3.3125,-0.37109375,-1.015625,-1.7890625,-0.66015625,1.859375,1.0390625,2.5,-0.1513671875,-2.578125,-0.859375,-0.6953125,1.203125,-2.890625,-0.45703125,2.734375,2.109375,3.03125,-2.21875,-3.28125,2.171875,0.84765625,-0.326171875,-1.1640625,1.03125,-11.25,0.18359375,-5.34375,-4.1875,2.359375,5.4375,-0.37890625,-1.75,1.609375,0.208984375,-8.625,-2.265625,-0.60546875,2.140625,-1.9765625,-0.71484375,-0.265625,0.376953125,0.21875,0.2734375,-0.294921875,-1.0703125,2.4375,0.5859375,-2.1875,0.7421875,1.234375,1.421875,-2.46875,-3.78125,1.375,-3.359375,0.6640625,-5.28125,1.8828125,-0.734375,3.59375,-3.5,-2.71875,1.4453125,-5.0625,-10.8125,-0.7734375,6.90625,1.703125,0.29296875,-13.5,2.625,3.3125,-1.828125,1.7109375,-11.5,0.388671875,-1.484375,0.671875,0.59375,-0.33203125,7.9375,1.515625,-1.578125,1.5859375,2.75,1.875,2.6875,0.02734375,3.578125,2.703125,3.328125,-0.234375,-0.08984375,0.8671875,-1.2578125,1.671875,-3.1875,-0.283203125,-7.21875,1.6171875,-0.423828125,-12.125,-0.455078125,16.75,0.4921875,0.671875,1.265625,-0.91796875,-0.8515625,-2.4375,-0.5234375,1.09375,1.3984375,0.296875,12.5,-0.328125,-2.34375,4.28125,-0.26171875,2.421875,-1.4375,-2.625,-0.50390625,1.1953125,-2.453125,0.578125,1.1015625,12.375,-1.328125,-2.625,0.0234375,0.68359375,-0.79296875,-0.8203125,0.00390625,1.8203125,-10.0,0.08203125,-6.9375,0.89453125,0.390625,-0.201171875,0.625,4.8125,-0.07666015625,-0.140625,4.125,-1.296875,-1.7890625,0.87109375,-2.78125,0.185546875,1.0,-0.1171875,-0.498046875,2.3125,1.453125,8.625,1.2421875,-0.9296875,0.0546875,-0.59765625,0.130859375,1.1796875,-2.65625,-1.3359375,-1.5703125,0.9296875,0.54296875,1.921875,15.3125,-2.734375,-4.9375,-1.8359375,0.7265625,3.96875,-0.65625,4.75,3.640625,-0.14453125,0.625,-1.1875,-0.8828125,-0.466796875,-1.7890625,1.8359375,7.65625,-1.328125,1.65625,3.25,1.28125,-3.6875,-0.283203125,4.375,-0.7265625,-1.609375,-1.0078125,1.0390625,-19.75,-1.953125,-2.4375,0.57421875,-1.671875,0.6875,-1.265625,-0.6171875,1.359375,0.33984375,0.91796875,-0.60546875,-1.7578125,-1.015625,-0.08203125,2.34375,-0.3125,0.59375,-1.671875,1.671875,-0.1005859375,0.51953125,-0.2890625,0.9609375,-0.60546875,-0.30078125,3.71875,1.2890625,-18.125,1.375,-1.0546875,-0.59375,-5.34375,0.421875,-0.16796875,0.35546875,2.21875,-4.4375,-1.265625,-2.734375,-0.45703125,0.15625,0.455078125,5.78125,-6.8125,-2.734375,-1.9296875,1.796875,-1.7890625,3.984375,3.0625,-0.82421875,-1.5234375,3.203125,1.984375,-18.5,-0.404296875,0.06640625,-1.078125,-0.17578125,-4.25,1.46875,-5.25,-0.3203125,-2.0,-2.90625,-2.515625,0.349609375,-1.1171875,-0.3125,0.7890625,-2.28125,2.796875,1.4921875,0.52734375,-0.5078125,0.37890625,0.98046875,-0.48046875,-2.1875,-0.8828125,-1.921875,-6.5625,-1.6171875,-1.828125,-1.140625,-0.828125,-21.5,-5.0625,1.6953125,2.765625,-6.125,-0.27734375,-13.6875,1.546875,2.5625,-0.24609375,2.3125,-0.4296875,0.59765625,-1.515625,2.703125,6.75,3.28125,0.7421875,0.3515625,-1.421875,0.73828125,-3.140625,1.140625,2.546875,-0.0625,0.40625,-0.76171875,0.8046875,2.984375,0.6953125,-1.359375,-0.6484375,0.96484375,-1.7109375,-1.25,-2.09375,1.90625,-0.7265625,0.38671875,1.96875,2.40625,-1.765625,-1.921875,-0.453125,-1.703125,0.80859375,1.90625,0.77734375,-1.2421875,-5.25,0.07421875,-0.6796875,-0.1796875,-0.4140625,1.0703125,-3.640625,-6.59375,-1.3203125,1.921875,0.55078125,0.9296875,-9.1875,-1.6796875,0.0244140625,-4.25,14.25,-0.255859375,4.34375,1.53125,-7.625,-15.1875,-1.59375,0.484375,-0.107421875,-1.734375,-1.2578125,1.03125,0.58984375,0.58984375,-2.671875,-1.421875,0.8046875,-1.03125,-2.40625,0.240234375,1.078125,-1.7734375,-0.75390625,1.1875,-4.78125,0.154296875,10.0,0.15234375,-3.15625,2.46875,-1.1953125,-0.27734375,9.375,3.640625,1.875,1.6640625,-6.15625,1.6484375,-2.40625,0.30859375,-3.09375,1.4453125,1.25,-1.15625,-1.265625,24.25,1.46875,-0.6171875,-1.8359375,1.8125,2.015625,-6.8125,3.265625,13.75,3.9375,-2.90625,-0.8203125,2.625,0.515625,3.9375,0.0078125,-2.484375,-12.1875,-1.65625,-0.875,2.15625,-0.216796875,-1.34375,-1.1875,2.125,1.1875,-1.28125,-4.8125,0.078125,-1.625,1.4609375,-1.9375,0.0546875,-2.25,0.77734375,-2.265625,3.78125,0.8984375,2.171875,-0.32421875,-1.703125,0.30078125,3.375,1.125,-0.052734375,2.375,2.34375,1.4140625,-3.328125,-1.28125,2.09375,-2.59375,-4.28125,1.65625,-1.71875,-0.625,-0.8984375,-1.7734375,-1.9765625,0.66796875,-1.5390625,-1.5859375,2.03125,1.25,-5.5625,2.203125,0.2578125,-3.0,-0.23046875,-3.25,-0.03515625,0.93359375,-1.140625,0.80859375,1.578125,2.125,1.359375,1.0859375,-1.6875,2.96875,1.4140625,6.40625,-8.625,2.6875,1.546875,-1.3828125,3.125,1.2265625,0.7421875,-2.40625,0.703125,-1.515625,0.91015625,-3.265625,-0.5546875,1.5625,0.255859375,0.828125,1.0625,0.765625,1.8125,-0.2412109375,-4.25,0.62109375,1.078125,-3.796875,0.1796875,2.765625,0.51953125,-6.4375,1.6640625,-0.95703125,-0.484375,-0.3046875,1.1171875,-1.1171875,2.25,0.154296875,0.3828125,-1.5625,-0.9609375,-1.421875,-1.75,0.6484375,1.1796875,3.03125,-2.5625,-0.3828125,2.875,4.53125,0.828125,-1.28125,-1.7734375,-0.83203125,-1.875,-1.75,4.21875,-3.25,-0.0625,-1.359375,-10.1875,3.453125,2.5625,-1.3046875,-2.078125,-19.5,-0.55078125,0.7890625,0.69140625,-3.0625,-1.96875,-0.4921875,-0.470703125,0.87890625,-9.6875,1.0,1.1796875,0.5546875,-0.1318359375,4.65625,3.3125,0.94140625,-0.44921875,-1.15625,-3.03125,-0.78125,-7.3125,0.12109375,-5.1875,-0.8203125,1.140625,-6.40625,0.5078125,0.703125,3.890625,0.296875,2.46875,-1.9609375,6.65625,4.96875,7.75,3.0625,-5.34375,0.408203125,-0.65625,-1.71875,-1.8515625,20.125,-1.59375,-3.171875,-0.10498046875,2.109375,3.40625,0.1015625,6.3125,0.6171875,0.0703125,-2.734375,0.98046875,-4.28125,1.5546875,1.7578125,0.41015625,-0.0234375,-2.78125,2.9375,0.34765625,-0.169921875,1.1015625,9.3125,-2.578125,-0.3359375,-2.125,1.703125,0.39453125,2.90625,-2.015625,-0.1689453125,-1.7578125,1.078125,0.9921875,-1.328125,2.203125,2.0625,2.171875,-0.1015625,-0.09375,-1.109375,-1.328125,-0.98046875,0.1640625,3.96875,-7.40625,-3.84375,1.609375,0.56640625,0.734375,0.0546875,1.234375,1.65625,2.6875,-0.8671875,2.5625,0.2734375,-0.265625,-1.609375,-0.58203125,2.640625,-0.51953125,-0.359375,-2.046875,-7.53125,-1.4375,0.5625,-1.359375,1.8828125,0.474609375,-1.3125,-3.3125,-3.96875,1.6953125,1.046875,4.25,0.9609375,-1.171875,1.1015625,-2.046875,-2.828125,4.15625,-1.4375,-2.359375,-0.3671875,3.0625,-1.1171875,2.390625,-0.27734375,0.4375,15.75,-1.75,1.578125,2.1875,-0.58203125,6.46875,1.8359375,4.6875,0.263671875,24.75,1.75,-0.18359375,-0.3515625,0.203125,3.109375,-3.015625,-2.09375,-1.375,-6.375,4.5625,2.140625,-1.375,-0.21484375,0.125,-7.6875,1.5,0.189453125,0.01953125,0.6171875,-3.46875,0.8203125,2.671875,4.6875,0.515625,1.3515625,1.2734375,-0.51171875,1.109375,-1.7421875,-1.375,-6.0,0.71875,0.21484375,1.359375,2.9375,1.3671875,-0.796875,0.96875,2.28125,-1.9921875,2.4375,-0.23046875,-1.203125,-0.96484375,-1.3671875,-0.515625,1.671875,-0.703125,-0.9765625,17.875,1.390625,6.625,3.921875,-0.22265625,-4.34375,5.25,-1.3203125,2.9375,1.6796875,-4.0,2.140625,-2.125,-1.4375,-0.1875,-1.0859375,0.69921875,-0.9453125,1.3203125,-2.484375,-1.484375,0.8828125,-0.02734375,-3.75,6.625,2.0,2.28125,4.125,0.5703125,-3.171875,-2.78125,4.90625,-2.125,-2.75,-2.125,-2.140625,0.921875,1.578125,1.0625,1.9140625,-9.0,1.1015625,6.25,-4.0625,-0.9765625,-0.6484375,0.796875,1.125,-2.453125,0.095703125,-4.46875,-3.421875,-7.53125,-1.265625,-4.71875,0.83984375,0.17578125,1.640625,-9.5,-15.6875,4.15625,1.828125,-0.1845703125,-0.859375,-4.6875,1.640625,0.201171875,1.8125,-0.96875,-0.48828125,16.25,-1.1171875,-0.0078125,1.1484375,-0.240234375,1.375,1.5546875,-2.03125,2.09375,-6.875,-0.83984375,-0.984375,-0.34765625,-9.125,-1.40625,-1.109375,-1.234375,1.5546875,1.1328125,-3.984375,-2.890625,-5.875,4.90625,13.875,-2.109375,-16.0,-2.296875,-1.4609375,-1.1640625,5.9375,7.625,-1.59375,0.7578125,-3.671875,0.640625,1.7734375,-0.4765625,1.6875,-1.578125,0.734375,2.171875,-1.5,11.6875,-20.5,1.4375,0.98828125,-1.1875,-0.34375,-1.0703125,-0.3203125,2.109375,0.4296875,2.109375,-0.1611328125,-0.5625,-1.140625,8.375,-1.921875,-7.34375,-1.828125,11.6875,-7.3125,4.375,0.1328125,4.84375,-1.609375,3.84375,-1.4296875,0.6796875,-0.1513671875,-3.53125,-0.9375,-2.96875,0.388671875,-0.1103515625,0.9765625,-4.5,0.578125,0.0234375,-2.078125,-2.671875,-1.9921875,0.35546875,-0.28515625,2.40625,3.640625,-0.498046875,-0.859375,-1.359375,-0.09375,-0.7578125,3.0625,1.4296875,-0.71875,2.40625,5.9375,-2.953125,-0.3515625,-0.6796875,1.21875,-2.125,-2.671875,4.125,-3.515625,5.3125,-4.0,3.21875,2.953125,-3.59375,-0.703125,4.59375,-0.25390625,0.1240234375,-1.9375,9.5,1.078125,-4.5,1.9609375,-0.7578125,2.609375,1.125,3.078125,-1.703125,0.828125,-1.078125,1.4921875,-2.46875,-1.390625,13.125,4.9375,1.828125,2.296875,0.05078125,-7.71875,3.71875,2.71875,-3.671875,-3.84375,2.453125,-1.453125,-0.45703125,5.09375,-0.88671875,2.109375,5.1875,0.92578125,2.25,3.90625,2.171875,0.384765625,20.5,-0.61328125,1.3515625,1.65625,-2.859375,2.828125,8.125,-0.25,2.78125,0.1552734375,1.78125,3.390625,-1.2265625,2.828125,2.4375,4.28125,-0.279296875,1.1640625,0.376953125,-0.328125,-2.5,0.98828125,0.6484375,0.93359375,1.0859375,-8.375,15.875,2.9375,0.7578125,-0.546875,1.0859375,2.421875,2.25,0.53515625,-0.921875,-2.46875,-2.078125,3.15625,-6.9375,1.015625,-3.390625,5.5625,1.25,-2.3125,-0.98828125,-1.5,1.234375,-0.08203125,-1.8203125,-4.5625,-1.859375,0.87109375,0.1083984375,-1.0625,1.328125,-3.09375,-1.40625,-0.8125,1.6953125,-0.62109375,-3.703125,-7.25,0.2265625,3.8125,1.6640625,-1.21875,-0.828125,-0.8515625,-5.78125,-2.796875,-4.375,-0.47265625,1.53125,1.8359375,-1.734375,-0.5625,-1.6015625,0.44140625,-2.984375,1.203125,0.8515625,-1.1015625,1.28125,0.875,0.94140625,-5.71875,-0.28125,2.015625,15.25,0.96875,1.78125,0.33203125,-4.9375,-1.15625,0.65625,-5.65625,0.72265625,-0.95703125,-5.625,1.015625,-0.5234375,-6.46875,-5.1875,-1.015625,0.90625,-3.25,-3.75,4.96875,5.1875,0.25,0.56640625,-3.609375,0.25390625,1.4140625,1.34375,-0.7890625,-1.125,9.8125,-3.53125,1.375,-1.90625,-3.0,-3.65625,-4.28125,-0.65625,0.75,0.5234375,-1.65625,1.1171875,-1.2890625,-1.3359375,1.265625,-1.4296875,0.60546875,-2.46875,0.12109375,-4.875,0.6875,3.65625,1.578125,2.46875,0.484375,-4.0,-5.6875,0.4765625,0.9375,2.8125,2.1875,-1.5078125,-0.75390625,6.6875,0.4453125,1.4921875,0.484375,0.71875,0.126953125,0.02734375,3.21875,-2.65625,-2.734375,-0.875,-4.4375,5.75,0.66015625,1.703125,0.5,3.9375,2.75,-1.9453125,-23.5,5.65625,-2.0625,1.6875,-1.515625,1.609375,-3.25,1.828125,-0.625,-1.0625,-1.0234375,-1.015625,-0.9921875,-1.1015625,-0.89453125,-0.9609375,2.78125,-3.203125,0.21875,5.6875,1.6953125,3.53125,-0.234375,-2.40625,4.0625,0.1171875,-2.046875,3.640625,-2.890625,-1.578125,2.21875,-0.40625,-2.078125,1.4296875,-0.181640625,1.796875,2.34375,-2.515625,-0.3125,1.96875,-4.03125,-1.890625,0.484375,-3.71875,1.1875,-5.3125,2.125,-0.06201171875,3.46875,3.921875,-2.640625,-0.1484375,-12.5,-1.2265625,2.625,-3.34375,-1.2109375,-2.84375,0.59375,1.7421875,4.34375,-3.015625,-0.86328125,0.462890625,-2.359375,-0.96484375,-5.5625,1.046875,3.0,0.51953125,-2.375,0.58984375,3.859375,8.0625,-3.75,-1.375,1.515625,-0.69921875,2.03125,-1.671875,1.0625,1.109375,-0.443359375,-14.375,2.5,2.78125,11.6875,1.203125,-1.125,2.109375,-1.65625,0.5234375,-2.59375,0.73828125,2.296875,5.21875,2.046875,-1.203125,0.51953125,-1.9375,-5.0625,1.4140625,1.109375,-0.43359375,1.25,0.03125,-2.625,1.671875,2.46875,1.6171875,-1.0546875,-0.203125,-0.734375,1.6875,0.984375,1.34375,0.3125,-5.71875,1.3046875,0.376953125,4.46875,-0.546875,1.03125,9.125,0.92578125,0.9453125,-0.115234375,3.34375,-5.78125,7.125,-5.3125,2.484375,3.53125,0.09765625,1.4296875,1.890625,-0.5703125,1.1875,1.3828125,1.09375,-0.43359375,-2.3125,2.09375,1.6328125,-0.515625,0.9453125,-6.21875,1.1015625,-1.171875,6.46875,-0.169921875,1.140625,1.5546875,0.08349609375,2.890625,3.21875,2.125,-0.98828125,0.7734375,0.64453125,-2.9375,-0.86328125,-1.34375,0.953125,0.10546875,-2.34375,-4.03125,3.09375,-1.9140625,1.046875,-0.46875,-1.5625,-21.625,-7.9375,0.37890625,1.1953125,1.28125,-2.3125,-1.5859375,0.59375,2.25,-0.7578125,2.671875,-3.078125,-1.578125,0.38671875,0.8984375,1.703125,-4.21875,2.984375,-1.171875,-0.73828125,0.8203125,2.953125,-2.71875,-0.6015625,2.5625,0.052734375,2.84375,3.390625,-0.796875,0.423828125,-2.0,-3.15625,0.298828125,4.5625,3.015625,-2.671875,-1.78125,5.375,-1.40625,2.890625,1.453125,4.53125,-2.40625,0.7734375,-1.1953125,-4.625,-1.5703125,-1.84375,3.6875,-2.09375,1.5703125,-2.203125,-1.984375,0.0859375,3.109375,-1.3515625,2.84375,0.65625,3.5625,-0.578125,3.53125,-0.8359375,0.359375,2.734375,-0.703125,-2.390625,-1.109375,-2.90625,-2.03125,0.017578125,-3.390625,4.0,-0.408203125,-0.5859375,0.240234375,2.421875,1.78125,1.0234375,-1.25,0.73046875,0.341796875,-0.375,-3.4375,1.4609375,1.328125,-0.2119140625,4.1875,0.4296875,3.828125,0.56640625,0.78125,1.625,-1.03125,-1.1875,-8.4375,-1.4765625,3.234375,-0.51953125,-0.96875,-1.546875,-3.921875,-1.3125,0.1875,1.0,1.1796875,-3.625,1.953125,0.9609375,-0.439453125,1.40625,2.5,4.34375,-6.09375,1.40625,-0.84765625,6.6875,1.921875,0.9453125,1.6484375,-0.07421875,-1.3984375,-3.125,1.203125,1.3515625,-0.2265625,-1.453125,-4.84375,2.25,1.0625,-1.015625,24.875,1.3125,-0.5,1.453125,-1.3125,1.4453125,-0.953125,1.15625,-1.9375,-0.54296875,2.21875,1.234375,0.9453125,0.6640625,-1.515625,-2.375,1.03125,-3.828125,1.703125,-1.625,-1.3828125,0.609375,-3.4375,0.90625,-3.46875,4.25,1.2578125,1.71875,3.03125,-1.671875,3.125,1.875,2.671875,-0.7109375,0.671875,-0.0078125,2.96875,0.44140625,2.828125,0.3046875,8.8125,0.2578125,-3.5,-8.0625,0.5078125,4.5625,-2.25,-2.796875,-2.515625,2.03125,-0.80078125,-0.4921875,3.203125,-1.109375,0.5625,2.8125,-1.5703125,-2.015625,0.69140625,-0.61328125,2.59375,0.96875,1.390625,-2.34375,-2.1875,-0.44140625,1.7578125,0.13671875,1.2578125,0.1328125,0.1474609375,-1.2109375,-2.40625,0.7890625,0.3671875,-1.296875,-6.5625,0.310546875,-2.296875,-0.11328125,0.890625,-10.5,-4.0625,1.796875,-1.1015625,-0.494140625,3.0625,-1.109375,0.6875,-3.90625,0.015625,-0.3671875,-0.8203125,-0.6015625,-0.2890625,-5.5,-2.0625,-1.28125,-12.1875,0.4453125,0.640625,-0.2734375,3.171875,-2.171875,1.328125,0.9453125,7.96875,-0.625,10.0625,-0.6328125,1.1015625,-63.0,-4.3125,0.240234375,-1.7734375,3.671875,-0.74609375,-0.515625,-1.25,0.41796875,-0.80078125,0.703125,-5.03125,-1.65625,2.4375,-2.515625,-2.0,-4.25,1.84375,1.3046875,0.2109375,3.71875,6.5625,-2.75,-2.78125,-1.796875,0.91015625,-1.8046875,-0.2421875,-2.46875,0.4296875,2.4375,-4.15625,0.47265625,14.4375,-0.2109375,-1.8515625,-2.59375,-2.75,0.89453125,-0.1875,-13.625,0.326171875,1.015625,0.125,-7.875,-0.7890625,5.0,-1.265625,2.046875,0.765625,2.390625,0.197265625,0.296875,1.4140625,-2.921875,3.359375,0.37890625,1.203125,0.00830078125,0.3046875,-1.40625,1.328125,-1.34375,1.234375,-0.3984375,-0.671875,4.6875,3.0,2.078125,-0.1484375,-0.53125,0.1875,3.96875,1.9375,-0.421875,-1.8359375,0.03125,2.09375,-0.00390625,1.0703125,-2.890625,-3.671875,-1.2265625,-2.265625,-3.40625,-3.28125,-1.3671875,-1.0,0.328125,-1.4140625,-3.875,0.75390625,1.796875,-0.6875,2.6875,0.6328125,1.2421875,-0.65625,0.341796875,-3.609375,-0.083984375,4.28125,5.9375,0.7890625,-1.65625,-1.109375,-1.3984375,1.171875,1.8125,1.5703125,1.84375,1.6796875,-1.15625,-1.1328125,3.328125,2.5,-0.53125,-1.765625,-6.1875,-1.78125,-2.46875,1.359375,2.375,1.1484375,-4.25,-0.447265625,0.0078125,-2.09375,5.03125,-0.0625,-1.7265625,0.333984375,-0.625,-0.3125,-1.7734375,0.2421875,1.15625,0.46875,-0.35546875,-0.111328125,-1.9140625,-1.7421875,3.375,-0.875,-1.640625,-2.140625,-4.34375,-1.3515625,-4.5625,-0.78125,2.34375,0.3515625,2.625,1.8203125,5.03125,1.671875,-0.66015625,-2.203125,-0.890625,1.2109375,2.53125,0.8828125,-2.796875,-0.82421875,0.015625,0.263671875,0.9140625,-4.625,-1.4765625,-1.484375,1.96875,-1.3515625,-3.578125,-0.22265625,1.3125,-0.154296875,0.890625,-1.765625,-2.90625,-2.09375,-1.671875,-1.1796875,-0.6796875,1.4140625,1.59375,-1.7265625,1.546875,2.40625,3.21875,1.1015625,-0.375,2.34375,-0.3125,-1.0625,-2.046875,0.171875,0.9375,-0.97265625,0.78125,-0.75,-0.890625,-1.671875,-0.671875,4.875,-2.390625,4.15625,-0.3671875,-2.46875,2.875,1.421875,0.7265625,-0.7265625,5.5625,-1.2578125,-0.546875,1.484375,-0.63671875,0.80859375,-1.296875,-5.03125,1.640625,-0.5625,-2.8125,3.25,0.734375,4.59375,1.6875,-3.5625,-2.6875,-4.5,-1.46875,0.8359375,-1.390625,-5.03125,7.6875,0.48046875,-3.15625,3.234375,3.0625,1.5859375,0.2734375,-0.30078125,-1.234375,-0.9453125,-1.9296875,-17.5,0.16015625,4.0625,-6.65625,2.9375,-1.7890625,-0.7890625,-3.921875,0.48046875,-0.48046875,-1.2421875,-3.21875,-1.3125,0.66015625,3.03125,1.6015625,-1.359375,-1.5703125,0.03515625,-3.984375,-1.71875,-0.2578125,-2.75,2.796875,0.81640625,1.265625,1.6484375,4.21875,-1.109375,-2.09375,-0.6796875,-0.01171875,1.875,-5.0625,3.0,0.8046875,-1.78125,29.125,-1.109375,-1.84375,-1.9375,2.046875,1.890625,2.640625,-0.208984375,3.71875,7.59375,0.9296875,9.375,-0.3671875,-2.890625,0.59375,-3.1875,1.6953125,-5.8125,0.609375,6.15625,3.515625,1.546875,0.2265625,0.8515625,-0.82421875,0.66015625,2.46875,0.1640625,-0.921875,-1.296875,2.671875,0.77734375,-0.28125,-0.0185546875,2.390625,-3.4375,4.78125,1.734375,-0.5859375,2.0625,-1.53125,3.96875,-11.5,-1.953125,2.71875,0.98828125,-0.6875,0.2109375,1.390625,0.30859375,-4.90625,0.83203125,1.015625,-0.0703125,1.046875,2.21875,1.640625,3.5,2.5,0.578125,-2.0625,-1.09375,3.53125,-3.390625,-3.125,-1.265625,0.126953125,1.8125,2.84375,-4.5,-0.1142578125,-0.2109375,8.9375,-3.25,-4.65625,-0.73046875,-0.92578125,0.06640625,1.6796875,7.15625,0.6328125,0.82421875,-0.0546875,0.3671875,0.02734375,3.921875,3.71875,6.09375,3.03125,0.9375,2.953125,1.7265625,-2.609375,0.875,-13.8125,-0.322265625,0.14453125,1.15625,-0.59375,-0.515625,-1.1484375,0.76171875,-1.7421875,3.90625,-0.1845703125,1.6953125,-1.7421875,-0.8125,1.875,-0.8359375,-0.84375,-0.138671875,0.5234375,-1.828125,1.375,-0.291015625,1.015625,-0.58984375,-1.671875,0.9296875,-0.49609375,3.65625,-5.0,-1.546875,2.171875,-0.671875,-20.75,0.49609375,2.046875,-3.625,0.2578125,-1.296875,-0.84375,-8.8125,8.0625,-1.25,-0.73828125,1.6640625,6.78125,-2.375,0.46875,2.234375,-2.796875,2.96875,-0.234375,1.140625,-1.0,5.625,-0.8046875,0.1103515625,-0.6875,3.375,-0.1474609375,-1.453125,-2.859375,11.0,0.2734375,-0.234375,-1.125,5.96875,0.1328125,0.80859375,0.515625,-2.578125,0.322265625,1.875,0.234375,2.171875,1.4765625,5.71875,0.12890625,13.875,5.125,-0.59375,-0.36328125,-0.703125,-1.546875,0.28515625,4.0625,4.78125,-1.234375,-3.5,3.21875,-2.484375,0.796875,0.59375,11.3125,-0.65625,0.9453125,1.0390625,3.71875,3.671875,-2.625,4.5625,-5.21875,0.8125,0.57421875,-2.984375,-1.859375,0.30859375,17.75,0.421875,-1.0625,-0.8359375,-5.53125,0.34375,-1.7109375,0.78515625,2.234375,-1.90625,-1.078125,-0.01611328125,1.78125,-3.34375,1.7109375,2.546875,0.453125,1.7890625,-2.75,-2.640625,3.15625,2.09375,-0.46484375,-3.21875,1.40625,0.4296875,2.140625,0.34765625,2.71875,1.0546875,1.2734375,-0.25,0.388671875,2.078125,6.8125,-1.6875,0.4921875,0.90625,1.203125,-1.4453125,28.25,-1.1953125,2.359375,15.1875,-0.40234375,-0.07470703125,-4.125,-0.7421875,-3.875,-0.6015625,-0.64453125,0.76171875,2.25,-0.43359375,-1.421875,4.34375,1.015625,1.15625,4.8125,2.234375,1.484375,2.15625,0.8125,-0.435546875,-2.75,-1.2734375,1.9296875,1.421875,1.21875,1.984375,-0.51171875,1.8359375,2.390625,-1.65625,3.03125,-1.546875,-1.2578125,-1.2421875,2.65625,0.189453125,5.1875,-5.1875,-3.75,1.109375,0.8203125,-0.88671875,-1.2734375,2.96875,-2.28125,-1.03125,-0.99609375,0.92578125,-2.4375,-1.40625,3.59375,-11.9375,-1.265625,3.625,-0.953125,-3.515625,0.12109375,-4.25,1.515625,1.0390625,3.6875,0.1953125,-1.96875,-3.34375,0.1640625,-5.0,-1.1953125,-0.69921875,-1.7265625,2.765625,-0.71484375,2.6875,-0.3828125,-2.890625,-2.59375,0.3671875,6.1875,-2.21875,-5.53125,0.765625,0.625,-3.796875,-1.6875,-7.21875,-1.828125,3.875,-8.75,-0.765625,-0.8828125,-2.453125,0.49609375,2.4375,0.6640625,-1.875,3.234375,1.9375,1.5234375,2.875,-2.625,-1.28125,0.1875,0.435546875,-1.8046875,1.265625,1.0859375,0.171875,1.96875,-9.8125,2.28125,0.0166015625,1.34375,2.375,-0.7578125,-1.328125,1.890625,-0.640625,-0.7109375,-0.298828125,-0.1328125,-5.71875,0.2578125,-0.515625,-1.390625,-0.9765625,-3.25,-0.48046875,-2.171875,-1.0,-0.70703125,0.578125,-0.6171875,-0.3984375,-0.6015625,0.73046875,-4.03125,-12.0,0.1552734375,1.75,1.859375,-2.046875,-80.5,-1.8359375,0.44921875,-2.6875,-0.25,-0.55859375,-2.96875,-1.8984375,-0.1640625,-2.828125,-0.0830078125,0.6484375,-0.38671875,0.62890625,2.125,-0.6953125,7.59375,-6.8125,0.3046875,2.984375,-0.83984375,-0.46875,-0.09765625,3.5625,0.4375,-0.14453125,0.5234375,-1.171875,1.96875,2.109375,-1.40625,-0.109375,-2.359375,-4.5625,5.375,2.078125,19.5,0.4765625,0.2578125,-3.359375,-4.21875,12.4375,-0.65625,1.390625,-12.375,-2.640625,-0.6875,2.578125,-4.0625,-0.1328125,-1.6953125,-0.8828125,-0.80859375,1.90625,-2.640625,2.0,0.0234375,-0.57421875,5.1875,-2.140625,2.0625,-0.1015625,-3.421875,2.15625,-1.7109375,-2.21875,4.65625,2.5625,-3.46875,-3.9375,2.890625,-2.59375,0.9921875,-0.625,2.8125,4.3125,-0.7890625,1.59375,-0.43359375,-2.8125,1.3984375,-5.375,0.42578125,-0.55078125,1.53125,-0.1376953125,-4.28125,2.46875,3.59375,2.390625,-0.56640625,-14.875,-2.53125,2.21875,4.78125,2.09375,1.8203125,-0.578125,-0.0791015625,-1.6796875,2.09375,-0.4140625,1.546875,5.1875,0.4375,2.75,0.29296875,2.859375,-0.9765625,-6.5,0.04296875,-1.234375,-3.484375,2.09375,0.208984375,1.8515625,0.046875,-2.546875,-1.078125,-3.28125,0.8203125,-3.515625,0.251953125,-2.90625,0.2216796875,-2.78125,0.2421875,2.515625,0.44140625,-0.259765625,-3.3125,-2.265625,-2.0,-0.65625,-0.61328125,1.796875,1.0390625,11.3125,-1.875,-3.421875,0.0205078125,4.0,-0.484375,0.25390625,-4.59375,2.515625,-0.212890625,-0.8515625,-2.765625,-4.71875,-1.9375,-2.59375,-0.96875,12.25,0.57421875,1.953125,-1.546875,1.328125,1.390625,9.0,-0.49609375,-1.4140625,-9.4375,-0.4921875,2.03125,3.078125,-12.5625,16.75,0.7421875,-2.203125,1.0703125,3.0,0.640625,2.125,-13.875,-0.72265625,-1.25,-0.234375,0.8359375,-0.62890625,2.03125,-1.796875,-9.625,1.625,2.34375,2.453125,-0.91015625,-0.171875,2.59375,0.2109375,-0.5234375,0.25390625,0.95703125,1.53125,3.140625,5.53125,-3.203125,-5.1875,0.796875,1.671875,1.703125,-0.31640625,-1.6953125,0.5546875,2.28125,-1.375,2.4375,10.4375,-6.15625,-1.40625,-6.84375,-2.8125,0.98046875,-1.1484375,1.34375,2.75,0.69921875,3.9375,-1.125,3.875,9.0,1.4140625,-3.875,0.103515625,3.625,4.125,-0.9296875,1.4609375,0.9453125,-1.703125,-2.828125,2.578125,1.0390625,-2.15625,2.1875,3.09375,0.7109375,3.203125,-1.4375,0.296875,-1.65625,-2.234375,2.90625,-0.734375,3.421875,1.953125,-2.796875,2.25,0.05517578125,-19.375,-1.203125,0.88671875,1.8671875,1.1953125,-0.2490234375,4.09375,2.515625,-4.59375,0.703125,-2.53125,-15.3125,0.9921875,-1.0,-3.1875,3.0,-0.80859375,-0.26953125,1.1328125,1.3125,-1.21875,-6.25,-4.8125,-1.859375,2.921875,-1.3828125,-0.203125,0.0703125,1.75,-1.671875,1.8515625,0.703125,4.3125,-1.5,4.75,-2.453125,-1.3515625,-0.1640625,5.75,0.55859375,-12.375,-0.0390625,0.1240234375,0.75390625,-1.3203125,-53.75,1.1015625,-13.125,0.828125,1.90625,0.78515625,0.6015625,-0.2021484375,0.369140625,3.34375,2.875,0.53515625,-1.46875,2.171875,-0.330078125,1.5625,0.162109375,0.494140625,0.734375,2.4375,1.2734375,-0.984375,3.40625,-1.953125,-0.10546875,-0.234375,2.3125,-0.6015625,0.208984375,0.890625,1.3671875,-2.875,-0.28515625,2.421875,-1.09375,1.3125,-0.5078125,-1.234375,-2.59375,-3.453125,-0.2109375,2.390625,-0.890625,-3.015625,0.80859375,1.4609375,-0.97265625,-1.5078125,-0.83984375,0.6328125,1.2265625,-0.1953125,0.4296875,-1.484375,-1.09375,-2.0,2.0625,-1.0703125,-0.7734375,-5.28125,-1.3125,-2.640625,2.78125,3.1875,0.244140625,-0.44921875,1.90625,3.0625,-3.015625,0.5625,18.5,1.03125,0.9609375,-1.3046875,-0.890625,0.4609375,-3.40625,1.3359375,-2.03125,5.46875,1.1796875,-1.5546875,0.55859375,-0.390625,-2.3125,4.71875,-1.921875,-5.71875,-0.15625,0.9375,-0.1640625,-9.75,2.625,-0.61328125,-0.640625,-8.875,1.8125,-3.46875,0.7734375,-0.76171875,-1.4140625,-1.90625,-0.3671875,-2.546875,-1.34375,2.25,-0.28515625,-1.828125,5.09375,1.8203125,0.046875,-0.3046875,-0.30859375,-7.8125,0.40625,-0.68359375,-1.15625,-10.8125,0.365234375,-1.0859375,-0.173828125,2.1875,-1.1875,3.703125,6.46875,-1.7734375,3.515625,0.015625,4.375,3.125,6.875,0.98046875,-0.4453125,0.263671875,1.0625,1.6875,2.109375,1.2421875,1.203125,-2.0,2.8125,-2.8125,-0.294921875,2.6875,-8.0,-1.375,-2.359375,-0.59375,-2.484375,2.90625,2.828125,0.37890625,-1.953125,1.640625,-2.421875,0.92578125,-5.875,0.2158203125,1.640625,0.515625,0.9375,-0.58984375,0.41015625,3.125,4.4375,26.375,-2.625,1.65625,0.453125,0.94921875,-0.1015625,2.875,-0.74609375,1.875,-1.0546875,-12.0625,5.375,-0.0078125,1.2265625,1.765625,2.765625,1.515625,-4.46875,7.46875,-2.375,-2.625,0.828125,-0.82421875,0.57421875,-3.21875,1.5,1.9296875,3.234375,1.3125,6.59375,2.515625,-2.96875,0.03125,-0.0390625,-2.78125,-2.21875,3.796875,-0.2421875,1.8203125,1.734375,-23.125,-1.921875,1.5390625,0.7265625,1.625,-1.2890625,1.1875,2.21875,1.0859375,1.234375,2.828125,-1.703125,1.7890625,0.73828125,-1.1015625,0.5,3.125,0.734375,-0.345703125,-0.369140625,-1.453125,2.0,2.4375,0.8515625,-0.62890625,0.0078125,0.9296875,-1.703125,-3.03125,-0.341796875,-3.890625,3.421875,-3.078125,1.859375,-2.28125,11.4375,-2.515625,-0.9765625,0.39453125,-2.484375,0.75390625,-3.375,-3.78125,4.6875,-1.5546875,-1.640625,-0.625,2.453125,0.5078125,8.125,-0.6171875,-3.40625,-0.140625,-0.7109375,-1.1484375,-1.640625,4.0,-2.65625,1.0859375,-0.5859375,0.734375,-0.0390625,3.78125,1.359375,-0.4921875,-0.48828125,-0.365234375,1.140625,1.484375,-0.546875,0.4453125,-2.390625,-1.015625,0.26171875,-0.67578125,4.5,-0.3671875,0.7265625,1.4453125,-11.6875,-1.3046875,2.15625,6.9375,3.265625,5.78125,0.01953125,-0.359375,-0.94140625,-0.28515625,0.80078125,-4.1875,2.0625,0.14453125,1.984375,-2.53125,-0.0361328125,-0.7421875,1.703125,3.90625,0.353515625,0.8203125,-0.19140625,-9.25,4.5625,-0.5546875,-1.734375,-2.3125,-4.78125,-0.83984375,-0.9609375,0.46875,0.6875,-1.03125,2.828125,0.58984375,2.53125,1.0703125,-0.3359375,5.53125,0.0096435546875,1.015625,7.8125,-1.734375,0.6640625,-1.1484375,1.7578125,0.1015625,-10.1875,-0.47265625,1.7890625,-7.4375,-2.1875,-2.078125,-4.75,1.953125,-1.625,4.15625,-0.47265625,2.0625,0.080078125,0.5234375,-1.15625,-0.55859375,-1.8125,0.115234375,1.625,-12.3125,0.5234375,0.25390625,-0.77734375,4.59375,5.15625,0.87109375,1.2265625,-1.828125,12.9375,0.5390625,0.15625,4.25,1.796875,-4.03125,-0.46484375,-0.5,-1.3671875,-9.0,-2.640625,-0.99609375,0.203125,0.25,-0.7578125,-0.91796875,-0.02734375,-3.515625,0.6484375,-0.466796875,0.25390625,-1.5234375,-4.34375,1.953125,-1.2578125,1.21875,3.8125,-1.390625,0.1875,-1.453125,1.9609375,-1.53125,-0.66796875,2.140625,-2.875,-5.4375,1.7265625,-1.328125,-1.234375,-2.765625,0.9921875,2.4375,4.65625,0.81640625,-1.9609375,3.5,0.828125,-2.171875,-6.4375,-1.171875,0.51953125,-48.75,2.5625,-1.4375,-3.46875,1.078125,-4.34375,-0.921875,1.296875,-2.703125,3.78125,-5.5625,2.46875,-1.1796875,-5.25,0.5,-0.55078125,3.90625,1.609375,2.875,19.875,-2.21875,0.203125,0.7109375,2.71875,1.3046875,1.953125,-3.34375,2.9375,-0.1982421875,-0.30859375,-1.140625,-5.34375,3.484375,0.328125,2.5,0.69921875,4.28125,0.65625,1.2109375,0.25,11.8125,-1.75,2.96875,-9.125,2.90625,-2.40625,4.9375,1.1875,2.4375,-1.7265625,0.6953125,16.5,2.921875,2.015625,-0.14453125,1.2109375,-4.34375,0.26171875,1.578125,-4.25,-1.1484375,-1.96875,-2.21875,0.921875,1.8984375,0.43359375,-0.921875,0.30078125,-0.04296875,1.84375,1.65625,-3.015625,-7.75,-0.6796875,2.65625,-3.328125,-3.6875,1.7109375,2.5625,2.3125,1.1953125,-0.2734375,2.96875,1.03125,-2.0625,-1.484375,0.671875,-0.50390625,-3.890625,0.3828125,5.4375,0.4375,3.703125,-1.96875,5.0625,-0.5625,0.12890625,-17.375,-1.703125,0.099609375,6.46875,1.390625,5.46875,-0.5234375,0.4375,0.6640625,7.25,0.1044921875,0.140625,1.109375,-0.7109375,-2.265625,-1.0,-1.4296875,-0.31640625,1.203125,-0.046875,-4.0,1.1171875,0.4453125,-0.1298828125,1.4140625,0.62109375,-0.72265625,0.427734375,0.00390625,-2.59375,-2.25,-0.75,2.5625,3.1875,-3.46875,-13.125,-1.03125,-2.71875,0.84765625,-4.53125,0.56640625,2.046875,1.4140625,0.9375,0.51171875,-0.03515625,2.625,-3.84375,-1.8125,2.84375,-0.0234375,-0.5703125,0.640625,1.03125,-4.125,-1.359375,-2.5,-1.28125,-3.15625,-0.19140625,5.21875,16.875,-0.3515625,4.15625,-0.609375,-1.953125,1.0859375,1.4375,-5.78125,1.171875,-0.1171875,-1.25,-0.45703125,-1.90625,7.6875,1.515625,1.984375,1.4296875,1.328125,3.28125,-0.3046875,2.859375,17.625,-1.7890625,2.28125,-5.03125,5.96875,0.00390625,2.15625,6.84375,5.46875,0.79296875,-3.875,2.390625,2.25,1.75,-0.765625,0.00390625,-0.69140625,-10.0,1.828125,0.9453125,-1.953125,1.484375,-2.15625,-2.546875,-1.53125,1.5703125,-1.109375,-5.9375,-0.2421875,0.78125,-0.01220703125,3.453125,-2.109375,-0.0546875,1.625,4.46875,0.5546875,3.3125,-1.84375,-2.296875,1.40625,-1.40625,-14.0,-0.94140625,4.125,2.46875,-1.296875,0.49609375,-0.28515625,0.109375,4.125,0.4453125,2.359375,-0.5859375,-1.15625,1.375,5.40625,1.921875,4.0625,-11.0625,0.80859375,-1.421875,-0.88671875,1.21875,1.390625,2.125,0.15625,1.90625,1.0078125,-1.984375,-5.8125,0.1875,0.73828125,-0.15625,0.984375,-0.224609375,-3.875,0.71484375,-1.6484375,1.0703125,-2.21875,1.2890625,1.1171875,3.75,-1.5234375,-0.5859375,-1.9921875,-0.88671875,-3.390625,-0.35546875,-3.28125,-1.21875,1.5703125,-0.390625,2.828125,10.125,-9.5,0.92578125,0.9921875,2.171875,-2.421875,8.75,-9.75,-1.9609375,-0.3984375,1.34375,-0.9453125,1.15625,-0.6640625,-0.03125,1.46875,-1.2421875,1.03125,-3.09375,0.76171875,-0.1884765625,1.6015625,-0.97265625,4.09375,-0.53125,-0.57421875,-2.78125,0.28125,6.1875,-4.03125,-1.15625,-0.5078125,-1.453125,-3.375,-3.546875,-0.6171875,-0.875,1.609375,0.82421875,3.78125,5.5625,0.3203125,-5.4375,2.0,-0.71875,1.1796875,2.203125,-5.4375,0.5625,-1.4375,1.515625,2.875,-1.46875,-0.3671875,-0.81640625,-0.333984375,-0.291015625,-0.08984375,2.546875,1.546875,6.25,-1.8046875,1.9140625,0.65625,3.59375,1.4296875,2.5,2.609375,-17.375,-2.09375,2.3125,-5.25,-3.34375,-1.140625,1.703125,-0.9921875,2.859375,-0.1328125,-2.171875,6.09375,-0.2333984375,-0.3671875,-3.734375,-3.0625,-0.47265625,1.3125,0.5078125,-0.177734375,0.154296875,1.53125,2.734375,-7.34375,-3.125,-4.28125,1.375,0.49609375,3.4375,4.03125,-2.6875,0.390625,1.1328125,-2.0,-3.65625,5.875,-2.046875,0.10546875,2.21875,-0.189453125,2.71875,25.0,0.59765625,-0.427734375,-1.03125,0.0791015625,5.0,-2.3125,-4.4375,-3.015625,-1.265625,2.34375,1.875,2.4375,-1.03125,-0.62109375,-0.625,0.54296875,2.53125,15.6875,-1.328125,2.53125,5.03125,-1.1640625,-2.0625,1.53125,0.5390625,-1.515625,3.34375,-1.3671875,2.890625,0.330078125,-2.203125,-0.1494140625,0.328125,0.97265625,-1.296875,0.625,-0.19921875,1.953125,0.4765625,2.96875,-4.90625,-3.25,-1.421875,0.6953125,0.7265625,-1.34375,2.203125,0.546875,-0.4765625,2.15625,2.875,1.234375,4.125,-1.2578125,0.8203125,1.890625,-1.8125,2.015625,6.09375,-1.3671875,-0.703125,-1.5546875,-0.345703125,-2.59375,2.84375,-0.1484375,-2.546875,-0.95703125,3.6875,0.1171875,-1.6640625,-1.015625,-1.4375,-0.185546875,0.80078125,0.0498046875,-1.3359375,-2.96875,1.0625,-4.5,-3.125,3.640625,3.84375,-2.46875,-0.099609375,1.59375,-0.68359375,-0.349609375,-1.6484375,3.0,0.26953125,-1.828125,3.625,2.375,1.71875,-0.1328125,1.6484375,0.53515625,-3.71875,2.84375,-0.78515625,-0.05078125,-5.0,-3.8125,4.625,-0.703125,4.9375,-0.50390625,3.5,-0.40625,-0.8984375,1.1328125,2.25,-2.1875,-3.328125,-2.5,-0.15625,1.1171875,5.28125,-2.421875,-3.5625,1.109375,0.40625,3.484375,-0.90625,2.96875,2.3125,-0.78125,-0.796875,-6.375,-2.0,-1.546875,-0.7421875,-6.09375,3.375,0.0546875,1.5625,0.36328125,0.46484375,-1.609375,2.625,-0.421875,-2.46875,1.734375,-2.5625,4.8125,-3.90625,-0.828125,1.265625,-2.28125,-0.66796875,1.234375,1.578125,-0.6015625,0.953125,7.09375,-2.828125,-0.69921875,0.734375,-1.28125,-1.0390625,3.5,3.109375,-0.9609375,4.5625,18.75,3.15625,0.40234375,-0.890625,12.9375,9.4375,1.6015625,-0.1953125,-2.53125,-2.109375,1.5703125,0.859375,-5.4375,0.1015625,-7.34375,-0.51953125,0.9140625,0.369140625,0.984375,2.140625,1.171875,-0.6953125,-2.5,-0.4140625,5.53125,8.125,-2.828125,-0.65625,-1.703125,1.28125,3.609375,3.703125,-1.84375,0.3203125,0.640625,2.40625,-0.2265625,-1.984375,2.0625,-7.15625,1.15625,0.7421875,-1.09375,2.65625,-0.1171875,4.375,0.3125,-22.0,4.53125,0.73828125,0.3359375,1.0625,6.5,0.84765625,7.65625,-1.2734375,1.734375,14.625,2.875,-1.453125,2.5,-5.375,4.4375,-0.328125,-0.2265625,-0.625,-2.46875,-0.609375,-0.099609375,0.9453125,-4.34375,0.8671875,0.890625,1.953125,0.080078125,-1.9921875,1.171875,0.419921875,1.703125,0.3203125,-0.09375,2.0625,0.5078125,2.25,1.84375,-0.16796875,-0.15234375,1.171875,-27.375,-1.46875,-0.26171875,-1.171875,1.28125,-3.25,1.359375,-0.125,0.90234375,3.28125,-2.75,-0.921875,0.9765625,0.0078125,7.5625,-0.53125,-18.5,3.203125,-0.37109375,-0.91796875,-0.05078125,-1.0,-1.1875,2.78125,0.81640625,-0.7734375,-0.28515625,-3.875,-0.34765625,0.6484375,-1.3515625,2.75,-2.421875,8.4375,-1.1328125,0.63671875,1.703125,-0.24609375,-1.609375,8.4375,-2.421875,0.099609375,1.2109375,0.43359375,0.5234375,-0.11328125,3.1875,2.359375,0.4453125,-0.6484375,-0.76953125,2.421875,-2.15625,0.83203125,-2.359375,-0.55078125,12.4375,1.9140625,-4.0625,-3.625,14.125,-1.3515625,2.21875,-0.9453125,1.578125,-1.234375,2.8125,1.296875,0.53125,-1.78125,3.9375,-3.046875,4.375,-1.34375,4.21875,1.3125,-0.6484375,0.54296875,2.4375,-4.09375,1.5078125,-6.3125,-4.25,-1.03125,3.390625,2.3125,-1.171875,-1.703125,1.1640625,1.609375,5.59375,1.171875,1.6328125,-1.5078125,0.1015625,2.6875,0.181640625,1.4375,0.328125,-1.046875,3.265625,2.90625,-0.353515625,-0.2890625,-2.390625,0.126953125,0.4453125,2.328125,-0.4921875,-1.734375,-1.0703125,-1.1015625,0.298828125,-0.9453125,-0.453125,2.84375,-0.53515625,3.5,0.41796875,1.1015625,0.421875,2.78125,-2.96875,-2.1875,1.9609375,-0.177734375,2.71875,0.52734375,2.375,3.96875,-0.9453125,1.203125,3.03125,-1.90625,-0.4765625,-1.375,-3.21875,0.44140625,0.02734375,0.2734375,1.34375,2.171875,-1.015625,-3.515625,-2.125,0.1640625,-0.6484375,0.0390625,-0.6015625,2.625,0.6875,-0.5703125,-1.34375,1.953125,-3.078125,0.7734375,2.640625,0.25,-1.078125,-2.5625,-2.234375,16.375,-1.734375,-3.046875,1.84375,-2.078125,-0.36328125,1.9375,1.78125,0.9375,1.453125,0.3203125,1.78125,10.9375,-31.375,-0.36328125,-2.703125,-1.4453125,-2.78125,-2.71875,0.2890625,0.94921875,-0.421875,-0.40234375,2.78125,-1.9453125,4.09375,2.8125,2.265625,-1.5,-6.90625,-0.328125,0.390625,1.5625,-1.296875,-1.0,-1.984375,-1.21875,-0.98046875,0.0390625,-2.28125,-1.109375,-3.78125,7.25,-2.09375,2.25,-1.6640625,-2.296875,-9.8125,-0.59375,3.25,3.109375,12.9375,-2.390625,0.578125,-0.6875,1.46875,-0.72265625,1.34375,2.15625,5.28125,-0.8125,0.5390625,13.1875,-0.01953125,1.421875,0.06640625,1.0390625,-1.921875,0.62109375,-1.3125,0.61328125,0.7578125,-0.515625,1.75,-11.8125,0.73828125,5.0,-3.375,83.0,-0.4453125,0.69140625,1.0390625,0.4453125,-0.03125,2.1875,0.50390625,1.125,3.4375,-0.96875,-7.0625,-1.046875,0.5546875,5.8125,-2.359375,1.90625,2.390625,-2.078125,1.671875,2.484375,-5.15625,0.203125,-0.5859375,-0.1875,0.76171875,0.87890625,-1.53125,-0.828125,-0.84375,-0.365234375,4.5625,-0.078125,-0.890625,-0.7890625,-0.76953125,2.703125,-9.0,-2.4375,1.171875,5.9375,-2.53125,0.84765625,-1.671875,-2.5625,1.6796875,2.765625,-1.8828125,-1.9375,-5.46875,-1.21875,-0.248046875,-2.421875,2.96875,-4.75,3.796875,0.4296875,-0.25390625,0.34765625,-1.875,-0.296875,-1.3515625,-1.1171875,3.953125,0.244140625,3.453125,-0.78125,1.5625,4.4375,14.8125,1.2265625,-1.375,2.1875,1.9921875,0.359375,2.421875,2.4375,-3.1875,-0.24609375,-3.375,-0.9921875,-1.765625,3.703125,-1.28125,-0.1044921875,-3.8125,-0.177734375,3.59375,-1.5234375,-0.0234375,2.03125,-0.671875,0.41796875,3.015625,-0.6640625,-0.484375,-0.7421875,1.90625,16.125,-1.5234375,-42.0,0.91796875,0.9140625,5.96875,3.875,0.001953125,4.1875,-3.265625,-1.4375,-2.65625,3.78125,-0.8359375,3.3125,1.3828125,0.93359375,-6.5625,-1.296875,3.625,2.5625,-12.5,-1.7890625,-3.4375,4.125,0.984375,1.9921875,-1.328125,0.24609375,-16.875,0.40234375,-3.125,-3.265625,2.234375,1.796875,6.96875,1.40625,-2.8125,-1.578125,-0.2265625,-0.84375,2.0625,-2.359375,4.625,1.1953125,-1.4921875,-2.40625,2.71875,-0.18359375,-1.34375,1.78125,-0.67578125,0.7421875,3.09375,-0.3203125,-0.84375,-1.9140625,-0.89453125,-5.65625,6.84375,1.7421875,-7.53125,4.40625,-3.328125,0.5078125,0.703125,3.96875,2.890625,-1.03125,1.1171875,-1.125,-1.171875,1.984375,-2.484375,3.578125,1.2421875,2.109375,-1.65625,-0.75,-0.03515625,-0.578125,-1.8203125,-0.44140625,-0.85546875,-1.7109375,1.8515625,1.21875,1.5625,0.5,-1.15625,-7.90625,1.7890625,0.734375,-1.375,2.9375,-4.21875,0.33984375,-0.015625,0.53125,-2.078125,3.0625,0.00390625,2.3125,1.625,1.1171875,0.3046875,0.2421875,-9.1875,-1.828125,-1.828125,-0.765625,0.40234375,0.5234375,1.6171875,-2.0,0.5390625,1.953125,-1.25,2.65625,3.0625,5.96875,3.8125,-4.28125,-1.515625,3.59375,-3.484375,-2.828125,-1.1875,2.03125,2.21875,0.7734375,-2.375,0.421875,-0.328125,-1.484375,1.1015625,2.59375,1.0625,-0.048828125,0.71875,-0.083984375,0.171875,1.625,-4.125,-0.8671875,-0.357421875,0.7109375,0.33203125,-0.671875,-1.0234375,-0.8515625,-2.09375,-7.03125,1.4375,-0.423828125,-3.09375,-0.291015625,1.765625,5.21875,0.001953125,-0.333984375,0.8359375,3.203125,2.078125,2.078125,-28.625,2.296875,-2.859375,-0.8515625,-1.640625,-1.1875,4.5,-0.373046875,-0.2890625,-0.26171875,3.3125,0.83203125,-2.796875,-1.2578125,1.0234375,1.9765625,-0.4765625,-0.76171875,0.046875,-0.02734375,1.375,0.8125,-1.1796875,4.03125,-4.25,3.375,1.7890625,1.828125,0.4921875,-2.1875,-2.1875,1.1015625,3.96875,-2.3125,-3.21875,1.640625,4.53125,-6.40625,-2.140625,-1.9921875,0.55078125,1.4921875,1.4375,5.65625,-2.5,-1.75,-2.96875,-1.8515625,-0.11328125,-0.3671875,3.046875,-0.109375,0.8046875,-1.484375,3.0625,8.25,-1.3125,1.6875,1.546875,-0.2080078125,0.765625,-3.703125,0.21875,0.2890625,9.375,0.796875,-5.5,3.28125,0.2265625,-1.1171875,0.5546875,0.40234375,6.1875,0.6796875,-5.84375,1.5,9.4375,0.7578125,-0.6328125,0.87109375,7.1875,2.046875,-7.0,-0.42578125,-3.578125,5.0625,-2.84375,-1.765625,0.79296875,1.609375,0.25,0.453125,2.671875,0.53125,-2.609375,-1.71875,1.53125,0.6484375,1.2265625,2.734375,-0.361328125,-0.2734375,0.27734375,-0.96484375,-3.84375,-7.9375,-1.0703125,-0.52734375,1.96875,19.375,1.71875,0.0634765625,3.296875,0.30078125,4.25,-1.3828125,3.3125,-2.15625,1.6875,-1.1875,4.3125,-6.96875,-2.1875,1.515625,-2.78125,-0.80078125,1.296875,-3.921875,0.0546875,-1.2421875,-5.40625,-0.5859375,1.609375,2.015625,1.5625,-2.28125,-0.4765625,-3.28125,-6.46875,-0.359375,4.0,-1.3828125,-5.875,2.875,0.96484375,-2.6875,-2.1875,2.015625,3.421875,0.349609375,-2.078125,-3.640625,-0.65625,11.625,0.015625,0.5,3.796875,2.4375,-0.796875,-5.125,1.7734375,-2.65625,1.0703125,-2.03125,0.2890625,0.234375,7.25,-0.8828125,-5.5,-1.796875,0.7890625,1.0078125,0.96875,-0.3203125,0.44921875,2.703125,1.8359375,-0.28125,-2.28125,-6.71875,-0.125,6.09375
7,-0.6796875,-1.390625,-0.58984375,-1.3671875,-7.90625,-2.296875,-2.0,0.1015625,1.6796875,-16.625,2.015625,2.1875,-1.234375,-0.6484375,-0.57421875,5.125,-2.953125,-2.046875,2.703125,-6.0625,-0.87890625,-3.4375,1.015625,-1.34375,-1.2421875,7.03125,0.5,4.8125,-2.421875,0.96875,-0.8828125,-0.62890625,0.318359375,2.390625,-2.265625,-0.40625,-0.4296875,12.5,3.03125,-10.0,-2.359375,-0.236328125,-0.8984375,0.435546875,-1.7265625,0.1494140625,0.130859375,-0.65625,1.5546875,-1.9375,-0.84375,-1.8671875,1.0703125,-0.671875,0.59375,-1.296875,-0.3203125,-1.546875,-1.2109375,2.0,-1.78125,0.33203125,-1.6328125,0.890625,-2.265625,0.546875,2.171875,-0.953125,-0.6171875,2.78125,0.73828125,-10.1875,-3.21875,-3.3125,3.3125,-1.90625,1.1796875,-4.03125,0.99609375,6.78125,0.734375,1.1484375,0.96875,0.90234375,0.3671875,1.09375,2.9375,-6.46875,2.828125,-0.4375,2.890625,-1.6484375,-1.265625,-2.203125,-0.09375,-0.275390625,-1.296875,1.9296875,-2.625,-1.859375,-0.5703125,-0.45703125,-4.21875,-0.3515625,-6.8125,-4.5625,9.25,-0.2421875,1.0859375,2.796875,-7.3125,-0.2890625,3.140625,0.578125,1.703125,4.15625,-1.5,-1.875,-2.90625,0.48828125,1.2265625,-2.75,3.109375,-0.8046875,2.25,-3.53125,0.7265625,1.796875,0.193359375,9.5,2.125,-3.828125,-1.3203125,-2.96875,-0.94140625,0.7265625,1.453125,0.4453125,0.875,-4.0,-0.0302734375,-0.03515625,1.515625,-1.5703125,-1.71875,-0.0703125,-0.5859375,-2.859375,0.61328125,0.0546875,1.1328125,-2.765625,-0.1171875,5.9375,-0.8359375,-1.0390625,-3.15625,-8.625,3.40625,-0.15625,-2.09375,0.7109375,1.4140625,0.50390625,-1.375,-0.5625,0.05859375,-0.2890625,1.2890625,-0.1591796875,-2.15625,1.6328125,-1.578125,-0.28515625,6.875,-0.9296875,-0.1689453125,3.90625,1.7734375,0.2578125,-3.25,-1.2578125,0.546875,0.2890625,0.21875,0.3671875,1.1171875,-0.23046875,0.2265625,-1.25,12.8125,2.125,1.359375,-1.1875,-2.25,-1.390625,-3.9375,0.0703125,2.765625,2.15625,-6.625,0.6953125,3.828125,-1.375,1.8515625,1.7890625,0.078125,0.8359375,2.796875,3.296875,4.875,-1.9765625,23.375,3.171875,1.125,-0.296875,2.1875,-9.3125,-1.15625,0.703125,2.078125,2.328125,-6.375,1.5703125,-0.84375,-6.375,2.9375,0.7109375,15.8125,2.671875,-3.421875,-0.337890625,3.046875,1.46875,-0.796875,1.6328125,-6.15625,-1.234375,0.09375,1.9765625,-2.796875,-2.78125,-2.0625,0.1171875,-1.7109375,1.53125,-3.828125,0.66796875,3.21875,8.0,1.390625,3.09375,-0.9765625,0.03125,-0.2265625,-0.263671875,2.34375,2.234375,4.625,3.59375,2.875,2.0625,4.28125,0.65625,-3.765625,-3.515625,-0.6796875,-1.9375,1.125,-0.2421875,-1.078125,0.2578125,5.75,-0.9765625,1.625,2.40625,3.71875,-0.5625,0.53515625,0.78125,-0.29296875,-2.765625,2.875,-6.09375,1.1328125,5.90625,-1.375,0.4296875,1.171875,-2.359375,-3.609375,0.40625,1.546875,-0.05859375,-0.68359375,5.6875,2.34375,1.5625,0.765625,-1.734375,-3.375,-2.34375,0.6328125,-1.0078125,-5.21875,-0.87890625,-0.16015625,-2.65625,-1.5234375,3.03125,-3.234375,-0.212890625,-3.3125,-2.46875,2.4375,14.4375,-3.625,0.22265625,-0.46484375,-1.6953125,-3.8125,0.546875,2.328125,0.109375,0.046875,0.0546875,4.625,-0.63671875,0.6796875,-8.5625,-0.1484375,-0.9453125,2.96875,0.86328125,0.42578125,1.84375,0.984375,1.8515625,1.296875,-0.4296875,0.1484375,-1.96875,1.0078125,0.3125,-0.150390625,0.29296875,0.408203125,-2.015625,2.234375,-0.2578125,-3.28125,-14.25,-1.9453125,-0.61328125,4.28125,-0.65234375,1.953125,0.86328125,-6.75,0.37109375,3.0,2.46875,-1.1640625,-2.203125,2.265625,-2.203125,1.875,-2.40625,2.90625,12.9375,-3.03125,-1.5234375,-0.091796875,-0.66796875,-2.96875,0.298828125,0.5625,3.5625,-1.0390625,1.5703125,-0.8046875,6.46875,-1.765625,-0.85546875,2.484375,-3.5,-0.203125,-1.2578125,-19.75,2.59375,3.65625,-0.921875,-0.62109375,-0.66015625,0.65625,-0.7109375,4.90625,0.875,1.0078125,0.8984375,2.3125,-0.0390625,-2.78125,3.40625,-0.3359375,0.0,-0.984375,3.390625,-0.015625,-1.71875,-1.234375,1.890625,-2.46875,-3.78125,-3.265625,13.125,-3.46875,-0.48828125,-0.30859375,-0.3984375,-3.34375,0.013671875,-2.9375,1.1015625,0.330078125,-6.4375,-1.78125,2.0625,1.671875,0.921875,0.5390625,-0.9140625,-1.421875,-2.9375,4.3125,2.515625,0.74609375,0.279296875,-0.5703125,-3.03125,-1.921875,-0.201171875,-6.125,1.4140625,0.4453125,0.45703125,-1.3828125,-3.25,0.7109375,-0.07861328125,-1.0703125,1.515625,-1.0703125,-1.859375,-1.703125,-1.21875,-1.8125,-1.609375,-4.3125,-6.0,0.53125,-0.6484375,-2.203125,3.640625,-2.84375,-3.828125,1.5078125,-1.453125,-1.5,-1.7265625,1.234375,-0.296875,5.0625,-0.13671875,1.5703125,-7.6875,-0.16796875,-0.05078125,0.373046875,0.40625,1.9609375,0.8046875,0.98828125,1.671875,1.7734375,1.515625,-3.1875,-0.76171875,-0.51171875,1.4453125,-0.5078125,-2.6875,0.5625,0.306640625,1.4609375,-0.125,-0.61328125,-0.390625,-0.6171875,1.0546875,0.53515625,0.73828125,0.98828125,4.25,-9.625,0.9375,-0.24609375,2.5625,-2.71875,-1.34375,-2.640625,-2.78125,0.1328125,-0.298828125,0.75,0.921875,2.8125,0.828125,-0.625,-4.9375,-0.328125,1.90625,-1.515625,0.26953125,0.03515625,7.65625,-2.0,-1.03125,0.265625,-2.453125,0.5703125,-1.328125,1.3125,-1.625,0.53515625,2.046875,1.46875,-0.59765625,-0.609375,-1.5078125,1.3125,5.0625,-1.6015625,-1.6640625,-2.65625,0.20703125,1.984375,5.4375,-1.609375,-2.546875,1.375,-4.96875,1.53125,0.0673828125,-4.28125,-2.625,-0.7734375,-1.234375,-2.25,-1.7578125,0.25,-0.515625,2.140625,0.0390625,2.953125,0.478515625,1.484375,0.64453125,-1.234375,0.5625,1.796875,-0.32421875,0.0966796875,1.421875,-0.12109375,1.609375,8.1875,-1.671875,5.25,1.46875,1.15625,-0.1328125,-2.0,-1.640625,7.0625,1.796875,1.3359375,-0.7109375,4.75,-8.1875,1.34375,-9.5625,-1.984375,-0.40625,3.15625,0.341796875,-2.109375,-0.412109375,-1.46875,-2.21875,-1.109375,2.75,1.1484375,-4.5,1.875,-1.65625,0.8125,-0.078125,-1.4375,1.1953125,0.5078125,2.375,0.15625,-1.9296875,2.90625,0.8515625,-2.109375,2.875,0.6640625,-0.3203125,8.375,-1.015625,0.0546875,-1.6796875,-0.80078125,-1.7890625,1.46875,0.921875,-2.390625,-0.01416015625,4.28125,2.09375,3.71875,-0.5390625,-0.248046875,1.671875,-4.28125,2.15625,1.28125,0.65625,1.0390625,-0.953125,-0.76171875,3.03125,-3.578125,0.046875,-2.375,-0.185546875,-4.71875,2.71875,-0.6796875,0.79296875,0.91015625,1.0859375,-0.171875,-7.34375,1.609375,1.0390625,-4.3125,1.171875,-0.125,-0.119140625,1.6640625,0.56640625,0.796875,1.3046875,2.8125,2.515625,1.1015625,0.90625,0.23828125,-1.234375,0.80859375,3.90625,4.875,1.546875,-0.3515625,-0.8203125,0.91796875,-2.46875,1.46875,5.5,-1.390625,-0.41796875,2.9375,1.0703125,0.4921875,-3.5625,-1.859375,1.0,5.375,-2.34375,-2.40625,-55.25,1.015625,1.484375,2.75,-2.328125,1.6171875,-1.296875,-1.34375,1.140625,-2.5625,-0.478515625,1.84375,-2.90625,-6.03125,2.375,-0.44921875,-0.6328125,1.765625,2.71875,-4.5,-0.83203125,-1.6796875,-3.921875,0.0859375,-0.42578125,-1.6875,1.25,-6.59375,-1.5078125,3.609375,2.1875,-0.0703125,1.15625,0.125,-1.25,0.6171875,11.6875,0.18359375,-0.71875,2.5625,1.3828125,5.375,0.97265625,2.640625,1.0234375,3.71875,-0.59375,1.328125,0.06103515625,-0.33203125,2.0625,1.3984375,-5.625,4.25,-0.244140625,-1.734375,0.75390625,4.0625,-0.984375,-1.390625,-0.875,0.625,2.0625,-2.59375,-1.2890625,-1.390625,0.6328125,-1.8828125,-1.25,1.859375,-1.515625,0.34375,-0.439453125,-0.6328125,0.78125,-3.375,-1.8515625,-1.0,1.5234375,2.15625,1.7109375,-3.921875,1.2265625,-3.578125,-0.28515625,1.734375,6.96875,-0.08203125,-0.40625,-1.3125,11.5,-0.94921875,-0.9140625,-11.625,-2.078125,2.15625,-0.380859375,-2.96875,-2.875,2.984375,-0.734375,0.8515625,-6.78125,-0.6484375,2.125,-0.66796875,1.328125,-1.4375,5.1875,-2.09375,-2.09375,-0.671875,-0.46875,3.25,-0.447265625,0.94921875,-2.1875,1.3984375,0.40625,-0.36328125,2.484375,2.8125,0.16015625,-0.0859375,-1.2265625,-3.828125,1.6484375,0.177734375,3.34375,9.375,0.251953125,2.875,4.625,-0.173828125,0.15234375,2.4375,0.9765625,4.3125,2.296875,-1.0703125,-4.625,-1.40625,-0.8125,2.828125,0.6484375,-1.078125,-3.09375,0.28515625,10.4375,2.65625,-0.79296875,1.4375,2.703125,-0.3046875,1.71875,1.40625,5.625,1.09375,0.2392578125,-2.8125,-27.25,-1.390625,-2.109375,-0.2578125,2.546875,6.5625,2.1875,2.46875,1.328125,-1.3828125,-2.296875,3.0,-1.109375,-2.75,5.3125,-3.125,2.34375,1.546875,-1.03125,1.34375,14.375,1.71875,-0.0654296875,0.14453125,1.09375,-0.423828125,8.25,-3.4375,-6.875,3.34375,-4.6875,-8.875,0.546875,1.421875,-1.640625,2.5,3.375,3.296875,1.578125,-0.20703125,-1.609375,0.6875,-1.765625,-11.4375,-0.91796875,-1.21875,-0.38671875,-4.21875,0.1318359375,-1.890625,-2.21875,0.6171875,-0.3203125,0.0498046875,-2.375,-11.3125,2.875,-0.224609375,0.349609375,-2.25,3.6875,-7.34375,2.4375,2.6875,-0.1953125,7.0625,-0.4921875,10.25,0.890625,-2.78125,0.89453125,0.0234375,-1.40625,3.796875,-0.345703125,-3.515625,-2.34375,-1.4921875,1.3984375,-2.25,0.2109375,-0.4296875,2.171875,-1.15625,-2.796875,7.0625,-0.359375,1.8125,1.9765625,1.28125,-0.296875,-0.470703125,-2.84375,0.380859375,-4.28125,0.208984375,3.59375,1.078125,1.40625,1.390625,-0.58984375,-5.375,-1.7109375,0.5,1.203125,-2.6875,-7.625,-1.59375,0.171875,-0.6015625,0.546875,-16.125,-2.0625,-0.98046875,-1.234375,-0.6484375,2.78125,3.6875,-0.671875,3.125,1.0234375,1.75,-8.6875,0.921875,-1.703125,-11.25,-2.5625,-2.328125,-12.875,0.244140625,2.9375,2.609375,1.4375,-0.87890625,-0.9375,-0.65625,0.734375,-8.3125,1.4921875,3.71875,11.125,1.984375,-2.703125,-12.6875,0.9921875,10.625,-1.09375,-1.765625,3.4375,0.0888671875,-0.1708984375,0.15234375,-2.34375,1.0625,3.109375,-0.5234375,13.0,4.28125,-1.359375,-0.984375,2.90625,2.546875,3.9375,-2.875,2.40625,-0.796875,0.5546875,3.625,0.84375,8.8125,2.046875,-1.9453125,-0.2421875,-0.13671875,1.359375,-0.2578125,-0.71875,0.4375,-15.6875,1.09375,-1.140625,1.71875,-1.484375,3.078125,-2.515625,1.796875,2.40625,-2.90625,0.98828125,15.875,0.87109375,-1.0390625,-2.40625,0.044921875,1.46875,-0.265625,-2.75,1.296875,-0.09375,1.140625,1.515625,-1.21875,4.34375,2.375,-1.53125,0.6328125,-1.515625,0.046875,-2.34375,-0.42578125,1.4453125,0.1328125,8.375,8.5,-3.125,-2.140625,2.25,-10.5,3.34375,3.25,1.625,-1.328125,-4.5625,0.037109375,0.03125,-4.65625,2.09375,0.28125,3.5,-0.6484375,-0.0859375,1.953125,3.40625,-4.5,1.1328125,6.59375,1.0234375,-2.59375,0.8515625,3.078125,-5.53125,-2.9375,-4.5,1.59375,1.234375,4.65625,1.7421875,-1.71875,0.578125,0.5,0.5234375,1.1953125,2.625,-0.4140625,-0.75,-0.390625,0.1640625,2.03125,1.328125,-0.1298828125,1.6484375,1.5625,2.4375,-5.9375,1.0,0.03515625,0.9609375,-3.875,-4.5625,-0.71484375,1.765625,-0.234375,5.78125,3.21875,0.78515625,2.6875,1.96875,17.125,-1.1171875,-1.0625,-0.478515625,-1.328125,-2.65625,0.56640625,3.46875,-0.021484375,0.9296875,2.453125,0.53515625,-3.40625,-1.5078125,-2.40625,19.125,2.203125,-1.6484375,-0.72265625,-0.298828125,2.125,1.40625,-4.375,-6.15625,0.078125,3.203125,0.5078125,-1.734375,-2.203125,-2.21875,0.71484375,-1.3125,0.7578125,1.71875,1.328125,3.09375,0.4140625,-1.5703125,0.1162109375,3.40625,-0.3359375,-0.640625,-1.0703125,2.09375,0.390625,-5.75,-3.21875,-0.52734375,-3.625,0.03125,-8.375,0.44140625,-0.046875,0.58984375,-11.0625,-0.3046875,0.75,0.5,4.03125,1.59375,0.419921875,3.15625,2.34375,-1.59375,-2.515625,3.359375,1.7265625,-0.00390625,-1.328125,2.46875,0.76171875,1.0546875,-0.87890625,-3.9375,-2.078125,-0.5859375,-0.080078125,-0.015625,-1.4296875,-2.296875,-0.15625,-4.46875,-1.1875,-1.015625,-0.671875,-1.546875,0.2890625,0.375,-0.3125,1.8515625,-2.796875,0.36328125,3.3125,5.90625,-3.234375,2.25,3.21875,-0.5859375,0.78515625,-1.28125,0.9453125,0.0390625,1.2578125,-2.796875,0.69140625,1.515625,-5.78125,-2.40625,1.1484375,-2.40625,-2.0,1.1171875,-0.2890625,4.28125,-2.15625,10.5,-0.32421875,0.8515625,0.03857421875,7.0625,8.9375,0.5546875,-1.4375,0.34375,-1.03125,1.09375,-0.109375,-3.5,0.453125,0.8046875,-3.09375,4.34375,0.06640625,-1.171875,1.96875,-1.109375,1.40625,0.828125,0.8984375,0.5546875,2.375,-1.171875,0.0859375,1.453125,-0.28125,1.390625,4.09375,5.0625,0.0234375,-2.515625,-0.361328125,2.3125,-0.09765625,0.1953125,1.1171875,-0.8359375,1.2578125,-0.24609375,2.15625,3.1875,16.375,2.6875,-1.4609375,-0.2490234375,2.75,3.703125,-3.078125,-2.796875,-1.8828125,-5.0625,0.15234375,1.7578125,0.8671875,0.40625,-1.1953125,1.75,-1.0625,-3.578125,0.484375,3.21875,4.125,1.015625,3.546875,-2.609375,1.125,1.34375,-4.53125,3.234375,-1.40625,2.1875,4.125,0.703125,-1.8515625,-0.99609375,-3.75,-1.9453125,-0.15234375,0.55078125,-0.2421875,0.859375,-1.3046875,-3.6875,-4.46875,-1.4921875,0.126953125,-0.953125,-1.421875,3.1875,2.1875,2.875,5.78125,-1.6015625,-5.53125,2.390625,-0.8359375,0.34765625,-2.953125,2.390625,0.921875,-0.4921875,-0.7265625,1.046875,-0.19921875,2.0,-0.1953125,-0.80859375,-0.7109375,0.44140625,-3.0,-0.2421875,2.90625,1.1328125,-0.953125,-1.953125,-1.1171875,1.453125,-0.08203125,-1.21875,1.4453125,-2.953125,-0.08984375,-12.625,-9.625,-0.953125,-0.03125,-0.251953125,-0.298828125,-3.609375,0.15234375,-2.203125,-3.09375,-0.2890625,-0.2890625,-1.4375,-0.68359375,2.15625,-2.859375,-3.40625,1.875,0.46875,2.859375,2.6875,2.34375,-0.44140625,-0.376953125,2.09375,1.5546875,-0.7109375,-0.4375,-3.671875,-0.1015625,2.21875,-1.828125,2.53125,0.4453125,-0.0078125,-1.8671875,-0.3125,0.56640625,-0.734375,-1.9375,1.3203125,-0.19140625,5.625,1.5546875,-10.125,-0.84375,-6.71875,2.875,2.984375,0.74609375,-1.890625,1.984375,-4.0625,-3.34375,1.125,0.23828125,-0.796875,2.34375,1.203125,-5.46875,-2.0625,0.43359375,-1.703125,1.2109375,-5.03125,-1.515625,-1.921875,1.3515625,-0.26171875,-3.34375,0.361328125,3.5,3.40625,-5.53125,2.625,-2.203125,4.71875,-1.015625,0.453125,-0.484375,4.21875,-3.15625,1.03125,-2.734375,-0.6875,-2.234375,1.296875,-3.15625,2.125,2.140625,1.7890625,-2.28125,-2.84375,3.921875,0.2734375,-26.25,-1.25,3.3125,3.625,5.125,-1.1328125,1.3828125,0.76953125,-0.16796875,-1.21875,0.89453125,-12.0,-1.578125,-3.15625,-2.296875,1.765625,-2.015625,-0.625,5.15625,-0.796875,-1.9921875,-2.0,1.2890625,1.4375,-1.8828125,0.9140625,1.640625,-1.0078125,-2.171875,-0.271484375,0.05712890625,-0.55078125,-2.328125,8.75,-1.6171875,0.125,3.4375,-0.734375,7.1875,-0.7109375,1.296875,3.140625,1.40625,0.484375,-1.859375,-1.3046875,0.46875,1.53125,4.15625,0.75390625,-7.40625,1.4375,0.734375,-1.53125,-0.15234375,-2.796875,-0.5703125,0.04296875,5.0,2.703125,1.3046875,0.375,-2.34375,-3.78125,0.46875,0.16015625,-0.10546875,-0.484375,-1.2734375,1.5078125,-1.515625,1.265625,-0.0859375,1.171875,-0.373046875,0.078125,-0.46875,0.23828125,0.6328125,-0.380859375,0.8984375,2.46875,0.23046875,-0.6328125,-6.1875,3.015625,-2.984375,-0.59375,3.109375,0.8984375,1.4296875,9.9375,0.93359375,0.73046875,-1.828125,-0.171875,-0.359375,-2.1875,-3.453125,-0.19140625,5.875,2.546875,-0.7734375,-0.6328125,1.40625,-1.171875,9.625,5.8125,3.09375,1.78125,2.0,-2.84375,-0.125,-2.5,-0.47265625,1.140625,-2.3125,-2.25,-0.125,2.734375,-0.1328125,0.7421875,-1.390625,-3.015625,2.390625,1.625,2.703125,0.6875,-1.203125,-0.29296875,-2.015625,-0.484375,-2.15625,1.859375,0.59765625,-1.28125,1.7265625,2.59375,-0.1796875,-1.5,-2.03125,-1.671875,2.40625,-11.5625,-10.375,6.96875,-0.15234375,2.78125,1.515625,-1.484375,3.59375,0.76953125,-7.8125,-1.1875,-2.0,-0.6015625,-0.2431640625,0.125,-2.8125,0.310546875,8.0,1.125,4.4375,2.25,1.7734375,-6.1875,0.2265625,6.71875,-1.765625,-0.6953125,-1.1640625,1.703125,-1.1015625,-0.671875,0.171875,0.0126953125,3.453125,5.0,4.1875,-1.640625,-0.5,3.90625,1.046875,-1.9140625,5.09375,-0.96875,0.1171875,4.125,2.4375,-3.78125,2.859375,0.26171875,1.9453125,-6.65625,2.171875,0.427734375,0.080078125,-2.625,-0.9140625,4.8125,-4.0,0.1015625,-3.046875,0.5234375,4.375,-1.21875,-0.79296875,-2.8125,5.46875,0.01953125,0.0546875,-0.10546875,-7.65625,0.0,-2.84375,-1.4453125,-0.63671875,1.171875,-0.470703125,-11.25,1.1875,1.2265625,1.59375,1.1875,-0.8359375,5.375,1.5703125,-0.421875,8.625,-0.4140625,-33.25,1.4453125,0.421875,-2.1875,1.2421875,2.34375,0.93359375,0.193359375,-2.5,-4.75,1.6171875,2.578125,1.3125,7.5625,-6.34375,1.296875,-0.283203125,-4.21875,-2.0625,-2.453125,-0.6484375,-1.453125,-0.4296875,31.125,-3.71875,1.1328125,-1.765625,1.4375,0.66015625,-0.05078125,2.40625,-4.625,-0.416015625,-0.84375,-1.25,0.47265625,1.9140625,-1.0703125,1.4609375,-0.53515625,0.734375,0.84375,13.375,-6.34375,3.03125,9.0625,1.234375,-1.6484375,-0.87109375,-1.4609375,-1.578125,0.01953125,-0.40625,-1.1484375,-3.921875,-2.96875,5.6875,0.98046875,4.28125,-1.28125,-3.84375,-4.90625,0.43359375,0.4375,-3.5625,-0.84375,2.1875,0.875,-0.15625,4.0625,-2.3125,-0.6953125,2.75,-0.625,-3.875,1.609375,0.58203125,-0.36328125,1.2890625,0.625,-2.875,-0.74609375,3.46875,1.5390625,6.5,4.90625,-3.90625,3.6875,-2.84375,2.90625,1.8828125,0.66796875,0.5625,-0.5390625,1.53125,8.125,0.8046875,0.75,4.4375,-2.421875,0.48046875,-2.375,-2.171875,1.71875,11.4375,-7.15625,2.6875,-0.197265625,0.01953125,-1.5390625,-2.0625,-0.953125,4.28125,0.234375,-1.8671875,-1.6796875,-1.390625,0.69921875,-0.91015625,1.359375,2.125,5.46875,-1.5625,-0.373046875,2.90625,-2.046875,-4.0,0.93359375,16.625,4.625,-1.5078125,-1.015625,-3.4375,-5.90625,-0.046875,1.0625,-3.0625,-0.3515625,-0.09375,-5.9375,0.3359375,-1.125,-3.859375,0.46875,2.390625,4.40625,1.40625,-2.9375,-1.140625,-2.96875,-1.2109375,-0.0400390625,-0.8359375,-0.109375,-1.2734375,-1.65625,15.1875,0.296875,1.921875,-0.5234375,-0.212890625,-4.1875,-0.9296875,-0.185546875,3.15625,1.796875,-0.390625,-2.921875,-0.13671875,1.046875,-1.78125,2.046875,-1.546875,-1.2578125,-1.1875,1.0703125,-8.875,-0.458984375,3.125,-0.224609375,2.65625,5.3125,-2.21875,1.515625,-0.33203125,-2.15625,2.21875,-2.390625,1.4140625,0.19921875,-1.4609375,-1.375,3.296875,0.3046875,-3.015625,-3.40625,0.453125,-0.08203125,2.390625,0.48046875,-2.625,4.5625,0.13671875,1.015625,3.015625,1.0546875,-7.3125,-0.8828125,-0.9453125,-1.859375,-2.28125,3.796875,3.390625,0.78125,1.171875,0.91796875,0.39453125,-2.5,-1.1484375,-3.359375,-1.453125,-3.3125,-0.36328125,14.75,1.234375,1.546875,-0.4296875,-0.84375,1.296875,2.109375,-2.34375,0.828125,0.73046875,-1.40625,1.3046875,-0.65234375,-2.734375,0.984375,18.375,1.1328125,1.265625,1.1328125,0.9765625,2.1875,-2.65625,0.81640625,0.3984375,-1.34375,-5.375,2.4375,3.0,-1.546875,0.36328125,-0.98046875,-0.037109375,0.408203125,-2.125,-2.78125,-6.6875,1.8359375,1.6875,-2.046875,2.546875,0.53515625,6.53125,0.7890625,2.453125,-0.875,11.4375,1.6796875,-1.2265625,-2.234375,-1.234375,-2.46875,1.234375,1.71875,-2.421875,3.40625,5.03125,0.26953125,-1.3125,1.578125,-1.359375,-8.8125,1.2578125,0.71875,0.9375,-0.5390625,0.10546875,-2.375,-1.5234375,0.75,-1.8125,-8.0,-0.421875,-3.328125,0.13671875,-4.09375,-0.078125,-0.75,2.078125,-1.7109375,-1.125,-0.7578125,4.1875,0.8125,0.1875,4.0,0.4921875,1.7578125,-0.296875,1.0546875,-2.859375,0.90625,-0.984375,-0.265625,5.8125,-3.328125,1.9765625,7.78125,2.359375,-0.3046875,1.03125,-3.28125,1.046875,-3.0625,0.5859375,-0.5234375,0.64453125,-2.671875,4.0,0.9375,0.0439453125,2.90625,-2.625,0.421875,0.9296875,2.25,0.12890625,0.4765625,-0.46484375,-1.421875,3.65625,0.8359375,0.890625,-5.0,0.8671875,-1.546875,0.267578125,-2.015625,2.078125,-0.4296875,-0.6171875,-2.09375,1.0625,-1.53125,-0.25390625,-1.484375,-1.53125,-0.0703125,-1.8515625,2.21875,1.109375,0.0078125,-9.25,0.984375,-0.515625,2.15625,3.328125,-2.8125,-0.90625,9.3125,0.314453125,-0.32421875,-2.1875,2.96875,-0.609375,-2.09375,-0.5234375,-0.03125,-1.046875,1.6328125,0.9609375,-4.75,-1.234375,-3.453125,-1.4609375,0.41015625,2.875,-3.328125,-0.8046875,5.3125,1.8359375,0.2109375,-3.375,-1.78125,0.171875,-0.37109375,2.4375,1.46875,1.328125,-1.4375,-9.0625,-17.5,-2.71875,5.71875,1.75,-0.7265625,-0.5625,0.9375,0.05859375,0.3828125,-2.40625,-1.6328125,-0.48828125,0.09765625,2.09375,-1.109375,4.28125,-1.0078125,2.671875,0.25390625,-2.125,-0.55859375,-1.09375,-2.5,0.484375,-3.109375,2.921875,2.375,-3.15625,-1.578125,1.171875,-0.12109375,-0.2109375,6.65625,0.44921875,-0.0712890625,-1.1171875,-0.1640625,1.65625,-0.96875,-11.8125,-1.578125,-0.44140625,-2.171875,0.91015625,8.5625,3.296875,2.46875,-3.546875,3.109375,-0.98046875,2.84375,-1.21875,-5.09375,-1.21875,1.59375,0.1943359375,-1.7578125,-1.65625,0.9453125,-0.5,-3.34375,-0.6640625,2.75,0.96875,-2.375,0.6953125,3.421875,-0.05859375,1.046875,-1.015625,1.0703125,-1.296875,2.65625,-2.5,1.5625,-2.3125,-3.421875,-2.46875,-2.078125,0.21875,1.7109375,-0.4765625,-2.109375,-0.447265625,-2.65625,3.578125,6.875,1.09375,14.1875,4.15625,6.78125,-0.65234375,-0.138671875,0.103515625,6.875,-0.7734375,0.46484375,-1.390625,0.515625,0.296875,-1.0625,0.515625,-0.421875,-1.03125,-2.109375,-0.0703125,14.875,1.65625,-2.5625,8.25,-3.28125,-1.40625,2.15625,-1.3125,3.84375,0.3984375,3.515625,-2.21875,0.1015625,-0.2109375,-0.6640625,-0.796875,1.5546875,-4.125,-2.296875,1.8046875,-0.9453125,-4.25,-2.21875,-7.0,-0.0546875,-2.4375,0.8359375,-1.1875,1.703125,-0.55859375,-2.9375,-0.84765625,0.640625,-0.20703125,-5.46875,2.65625,0.0625,-0.328125,-0.6328125,2.03125,-35.25,-1.609375,-1.1328125,1.21875,1.859375,11.375,1.28125,1.734375,-1.2421875,-0.390625,0.84765625,0.1328125,-0.5859375,-17.375,0.1630859375,3.484375,-3.78125,2.765625,1.9765625,0.005859375,1.640625,-0.6015625,0.375,-0.8203125,0.42578125,-1.0703125,-0.45703125,3.703125,0.15234375,3.0625,3.921875,0.27734375,-3.84375,-1.53125,-1.921875,0.90625,10.75,0.265625,3.0625,-3.609375,0.0546875,-0.72265625,0.1845703125,1.78125,-4.03125,2.1875,3.8125,1.46875,-5.875,0.63671875,1.53125,1.40625,3.0625,3.140625,-3.828125,2.203125,-0.59375,2.0625,3.1875,1.5078125,0.26953125,1.90625,-0.85546875,-1.9296875,0.94921875,1.3203125,0.421875,0.6875,-2.046875,0.78515625,-0.91015625,1.4375,18.5,-1.296875,-0.87890625,-0.09375,-1.765625,-2.875,2.25,1.0,0.765625,-0.0703125,-0.59375,1.140625,1.828125,-1.25,-1.890625,-1.4375,-0.671875,-1.4375,-2.203125,1.8359375,-3.75,-4.03125,-2.90625,-1.96875,0.7265625,-1.84375,-4.75,2.328125,-1.671875,-0.044921875,-0.8359375,-2.046875,0.8515625,3.375,1.6875,0.2578125,1.875,0.140625,-0.212890625,-1.6328125,5.96875,0.376953125,0.0390625,0.5546875,0.83984375,-0.21484375,-0.421875,0.6484375,4.90625,1.859375,-0.2109375,2.140625,1.53125,0.25,-1.109375,0.671875,-2.015625,-0.81640625,-1.78125,-2.109375,-1.0078125,-2.390625,-1.8046875,-0.1591796875,-12.6875,1.390625,1.53125,-1.21875,0.8046875,-1.0859375,0.8359375,3.015625,-8.4375,0.3984375,2.03125,0.7421875,-5.59375,0.4375,-1.265625,-2.40625,-0.134765625,5.625,1.1015625,1.75,4.125,-1.0234375,0.72265625,-1.5546875,1.9921875,7.3125,3.203125,-2.296875,-0.1875,-0.72265625,0.244140625,2.671875,-1.8046875,-0.1015625,2.203125,-0.921875,-2.9375,0.10498046875,1.2421875,1.34375,1.953125,0.5703125,-0.4453125,-3.203125,9.625,1.8046875,-0.171875,-43.25,-0.9296875,-2.921875,-2.71875,-3.59375,-0.4296875,-0.1875,-9.875,8.5,-4.78125,1.34375,-7.75,-1.484375,3.34375,-2.3125,-0.212890625,2.125,3.828125,-1.484375,0.263671875,-0.328125,2.65625,-5.15625,-0.0859375,-1.640625,-0.4375,-0.0078125,0.4765625,4.0625,-6.625,-0.5625,3.21875,-0.88671875,4.1875,1.9140625,-1.5078125,0.796875,-0.05078125,-1.71875,0.3828125,-11.0625,-3.765625,-0.38671875,2.671875,0.7109375,0.640625,7.375,2.375,0.99609375,0.6875,-2.265625,0.9296875,3.0625,1.21875,0.427734375,0.67578125,3.34375,0.765625,-2.09375,0.44921875,0.265625,2.28125,4.0625,-2.953125,3.9375,0.7734375,2.390625,-5.0625,1.6015625,1.90625,-1.265625,0.55859375,3.84375,-1.4765625,-2.59375,2.0625,-1.3125,-1.46875,-0.546875,2.796875,0.3203125,0.6875,0.296875,-1.15625,1.8671875,1.09375,-1.8046875,2.3125,-2.84375,-1.0078125,1.25,-1.7734375,-0.60546875,-0.427734375,3.203125,-2.0625,-0.703125,4.59375,-0.828125,0.4375,-1.859375,-0.17578125,2.40625,-2.5625,2.125,-1.328125,-0.09375,5.65625,4.0,1.59375,0.97265625,1.1796875,-1.2421875,2.78125,0.734375,0.177734375,0.20703125,-2.75,0.71484375,-0.2294921875,-1.640625,2.3125,-2.40625,5.375,-5.125,1.0625,-2.0625,-2.625,2.3125,0.83203125,-0.51953125,-0.046875,-0.90625,-11.1875,-1.296875,-1.921875,1.2421875,13.9375,-2.109375,-0.091796875,-1.984375,-3.203125,-3.390625,-5.28125,2.015625,-0.91796875,0.73046875,3.46875,2.796875,0.296875,0.65625,-1.6953125,3.4375,-1.765625,-2.9375,0.39453125,0.5234375,-2.5625,-0.7734375,1.859375,0.078125,3.171875,0.640625,-0.20703125,-0.93359375,1.515625,0.89453125,3.765625,1.78125,0.59375,-1.828125,-0.4765625,2.015625,-0.109375,-0.5078125,-0.4453125,-1.1640625,2.421875,2.375,0.9296875,-0.2421875,-1.640625,-2.203125,0.88671875,-0.5,0.03125,-1.46875,1.171875,2.03125,-1.59375,2.71875,0.9453125,-1.0546875,-2.015625,1.125,-1.6015625,0.92578125,1.703125,1.0234375,-0.2265625,0.162109375,0.1875,-2.859375,3.078125,-2.0625,-2.125,-0.609375,-0.30859375,12.25,2.359375,0.26171875,-0.84765625,-4.0625,-0.8125,-1.21875,0.71875,1.78125,-1.2734375,-2.8125,0.0234375,0.74609375,0.7734375,-1.5625,0.671875,0.0234375,-1.8515625,0.1953125,3.0625,-4.0625,-2.84375,-2.65625,-0.64453125,3.546875,-3.21875,2.40625,-1.328125,1.03125,-2.34375,1.5078125,3.9375,0.98828125,-0.54296875,-0.1396484375,1.75,-0.439453125,-21.25,-0.125,1.015625,-2.671875,2.96875,-4.25,1.8515625,-1.5625,2.421875,-0.828125,0.9765625,-4.0625,-3.6875,-0.56640625,-0.1875,-1.28125,-4.15625,2.109375,4.0625,-4.125,-0.38671875,-1.6953125,-3.265625,2.5625,-1.234375,2.453125,-0.03125,2.5,-0.94921875,1.953125,-2.5,1.5625,-0.953125,-3.09375,2.25,0.23046875,-10.9375,25.125,-0.5234375,-0.2421875,-0.484375,-2.78125,2.546875,-1.2265625,-1.28125,-4.375,-3.140625,1.6328125,-4.1875,-3.296875,1.421875,1.171875,-7.5625,0.7734375,1.6015625,-0.240234375,1.875,-0.7890625,-3.25,0.671875,1.390625,-0.7109375,2.265625,-0.6015625,-0.6484375,1.578125,-1.0859375,-1.015625,3.015625,-1.765625,-2.75,-3.78125,-2.03125,2.65625,-0.984375,1.421875,1.421875,-0.75390625,-2.015625,6.125,-1.8828125,3.609375,-10.375,-0.2890625,-2.03125,-2.34375,-2.0,0.287109375,1.0703125,1.546875,-4.71875,0.361328125,2.96875,0.546875,-0.8359375,0.140625,1.1953125,2.328125,5.375,5.1875,-2.671875,-11.3125,-4.0,1.0,-0.9921875,1.046875,2.671875,0.0703125,-0.94921875,-2.375,1.21875,-4.40625,2.59375,1.53125,1.2265625,1.125,9.875,-0.3671875,0.2265625,-3.34375,-0.68359375,-0.294921875,1.578125,1.9375,10.375,0.78515625,0.6640625,0.45703125,4.625,-4.3125,0.60546875,-4.125,4.3125,-1.28125,-0.28125,-3.3125,-1.234375,0.3515625,3.234375,1.0546875,5.15625,-0.6328125,2.625,-1.2734375,-4.5625,-1.484375,-2.34375,0.55859375,-1.234375,-0.3046875,-1.53125,2.796875,-0.1875,3.609375,-1.5,0.01953125,-0.3671875,-3.375,-3.828125,-1.0234375,-2.78125,1.8046875,-0.08154296875,-17.0,-1.140625,1.765625,0.86328125,-1.671875,0.107421875,0.142578125,-6.5,0.640625,-0.31640625,-3.015625,0.05078125,3.21875,0.25390625,0.24609375,-1.1328125,1.890625,5.1875,2.6875,-0.318359375,-1.796875,-2.09375,4.625,-1.828125,5.125,2.375,-1.3828125,1.4453125,-0.5234375,-5.15625,-1.296875,-2.171875,-0.1875,-1.2890625,-1.828125,-0.48828125,-1.3828125,0.37109375,2.421875,-0.1572265625,-1.21875,0.87890625,1.15625,3.21875,2.1875,0.48828125,-1.4765625,-0.53515625,1.203125,0.1328125,8.875,-1.015625,-3.125,3.984375,1.09375,11.1875,-1.0703125,-3.609375,-1.234375,0.43359375,13.375,-2.453125,-1.90625,-0.99609375,-0.1826171875,3.875,-2.09375,2.984375,-0.25,-4.5,0.9375,-3.96875,2.34375,0.25,13.4375,0.2734375,-1.8125,-0.142578125,1.453125,0.037109375,-1.7421875,2.71875,1.21875,-2.046875,-1.2109375,-3.96875,-1.8828125,-2.90625,4.59375,3.09375,0.6328125,-2.375,1.2890625,-1.109375,-1.28125,3.28125,0.166015625,-2.328125,-2.453125,0.126953125,0.6015625,-3.125,-1.6484375,1.15625,1.2734375,-2.953125,-3.8125,1.875,-3.375,1.71875,1.6640625,-2.515625,1.3125,-2.125,14.25,2.328125,-2.921875,17.625,0.9296875,-3.375,2.75,-2.21875,-1.7265625,0.875,-0.84375,-0.03125,5.5625,1.25,-1.4375,-1.7421875,-0.2890625,2.125,1.96875,-0.19921875,2.921875,-3.78125,-1.6015625,-1.6875,-0.021484375,-0.3515625,0.42578125,2.21875,4.90625,2.5625,-1.15625,-1.96875,0.265625,0.2109375,1.015625,-0.365234375,-0.2265625,-4.28125,-1.0234375,1.9296875,10.3125,-6.46875,-3.296875,2.171875,0.228515625,2.96875,-3.84375,-0.63671875,-0.185546875,1.0625,-1.5078125,1.90625,-1.6953125,0.265625,-1.4296875,-12.6875,-1.6484375,-2.3125,2.5625,-2.03125,0.36328125,-1.8046875,0.330078125,-2.75,0.37109375,1.0625,0.0634765625,-1.90625,6.59375,-14.25,-1.0390625,-1.0625,3.25,1.9453125,-0.5859375,1.140625,-0.578125,0.75,-2.828125,2.640625,-10.0,-3.484375,8.25,-0.78125,1.625,-0.640625,0.7109375,-1.515625,4.375,8.0,-4.625,-0.25,4.65625,-0.734375,0.142578125,-2.0625,1.5859375,2.0625,-2.15625,-1.859375,1.78125,1.7890625,1.96875,0.1953125,0.04296875,1.671875,2.796875,2.203125,1.0703125,0.1513671875,9.25,8.625,-0.2734375,-0.84765625,3.09375,1.09375,-2.9375,-0.2080078125,0.9140625,9.6875,-3.46875,-0.57421875,-0.62890625,-1.046875,2.15625,1.1640625,-5.46875,-0.15625,-3.5625,-1.5234375,-2.265625,-0.2314453125,0.66015625,0.5546875,-1.109375,1.90625,-2.640625,0.69921875,3.359375,-2.875,0.90234375,3.71875,-4.4375,-3.328125,-99.0,-1.203125,-1.0546875,0.6640625,-1.78125,-2.21875,2.484375,-3.03125,1.21875,-0.74609375,1.0390625,-0.203125,-0.21484375,8.8125,-0.7578125,4.125,-0.76171875,-2.34375,0.107421875,1.609375,-2.8125,-1.015625,1.6953125,-0.796875,-2.53125,1.875,0.3359375,-2.484375,-0.046875,3.125,0.8671875,-0.9609375,-1.4140625,0.65625,3.03125,0.2421875,-8.6875,1.90625,-0.80078125,5.8125,2.9375,1.921875,-1.484375,17.0,-13.75,-3.109375,1.1328125,4.9375,-0.6953125,9.9375,-1.109375,-0.30078125,-0.77734375,0.04296875,-0.546875,0.90234375,0.8984375,-1.640625,3.875,-1.125,-2.328125,3.0,-0.2421875,0.89453125,-0.796875,-0.41796875,1.3046875,0.0390625,-0.5234375,-0.02734375,-2.4375,-0.87109375,-1.1796875,3.28125,-1.7734375,-4.875,-3.15625,0.67578125,1.1796875,-0.20703125,3.09375,-6.0,0.3671875,-0.08203125,-0.71875,1.3828125,2.5,2.15625,0.62109375,0.0390625,-1.125,-8.5,-1.765625,0.30859375,-0.0234375,1.359375,1.390625,-1.296875,0.419921875,0.5234375,0.15234375,-0.3984375,-1.78125,0.765625,-1.234375,3.953125,-0.55078125,-2.359375,1.921875,5.96875,2.234375,2.3125,8.375,2.8125,-1.171875,2.265625,-0.703125,4.84375,-2.78125,-2.5,0.9296875,0.19921875,4.5,-3.1875,3.71875,0.97265625,-0.9375,1.90625,0.142578125,1.3125,1.9140625,-0.37109375,7.40625,-1.25,0.4765625,-0.60546875,-2.46875,3.328125,0.90625,9.3125,2.03125,-2.734375,-2.53125,-2.46875,-2.359375,2.734375,5.03125,-3.09375,3.171875,-1.859375,-1.8984375,-4.3125,0.8359375,20.75,-2.515625,1.0859375,0.15625,-0.73046875,1.125,-0.96875,2.40625,-0.421875,10.8125,1.5,-1.8125,-3.78125,0.7421875,2.5,-0.18359375,-2.90625,0.37890625,0.23828125,2.5625,-2.34375,-1.875,-1.96875,-0.142578125,2.5625,-0.16015625,1.453125,0.35546875,-0.8984375,3.0,-1.40625,1.3515625,3.25,0.7109375,10.5,-1.25,-3.796875,0.1943359375,-1.8203125,2.265625,1.3671875,1.6796875,5.21875,0.8359375,3.140625,1.84375,0.189453125,-0.78125,6.0625,-2.25,-1.15625,2.15625,-0.60546875,0.91015625,10.8125,-18.0,-2.703125,-3.671875,0.36328125,3.453125,-1.125,-2.0625,1.234375,2.171875,6.46875,0.2890625,0.94140625,7.8125,3.71875,-0.53515625,1.546875,5.625,-0.83203125,0.16015625,-2.15625,-1.203125,0.001953125,-6.6875,6.3125,0.51171875,0.109375,-1.671875,4.28125,-2.546875,2.328125,-0.69140625,-0.4375,2.109375,0.37109375,4.4375,-0.125,2.515625,1.0,-1.6328125,-0.53125,-0.5625,3.125,1.546875,0.59375,-2.875,0.4453125,-0.30859375,4.75,-0.703125,1.921875,-0.57421875,0.625,-5.625,0.9921875,0.5234375,2.21875,1.3125,1.2578125,-0.83984375,-4.0625,-2.53125,0.2890625,2.90625,-7.5,-0.0703125,-2.71875,-0.0625,0.1875,-3.9375,-1.109375,-1.34375,-1.21875,1.84375,0.8359375,-2.53125,-0.8125,1.046875,0.921875,0.1171875,-1.125,-0.27734375,-7.1875,0.31640625,1.7265625,1.390625,1.15625,-39.0,0.6796875,7.625,0.30078125,1.890625,2.796875,-0.8515625,-0.052734375,-1.109375,-0.8359375,0.337890625,0.1396484375,0.080078125,1.125,1.25,-0.625,-0.2578125,-2.140625,-0.2275390625,1.0546875,1.875,2.0625,-2.640625,1.75,2.84375,0.984375,-1.8984375,1.546875,5.125,0.2421875,1.9453125,-0.75390625,-0.47265625,0.890625,-1.3984375,9.0,-0.59765625,1.8203125,-1.59375,-4.5,-2.84375,2.59375,-0.2255859375,0.46484375,0.59375,-0.03125,2.03125,1.1796875,-1.671875,-0.486328125,-2.515625,-0.0078125,-1.703125,3.875,-4.65625,-0.9453125,0.640625,-0.40625,2.046875,-3.703125,1.2109375,6.5625,0.8671875,3.6875,-3.1875,-0.34375,-0.04296875,4.0,-3.125,0.80859375,13.0625,0.78125,9.3125,4.875,1.7265625,-0.69140625,-0.1640625,3.3125,2.6875,2.078125,4.59375,-4.03125,1.8984375,-0.60546875,-0.4765625,-0.3828125,1.6875,3.0625,1.65625,-1.3828125,1.515625,13.25,0.98828125,0.859375,-0.0390625,-5.5,1.53125,-0.85546875,1.234375,-1.125,-2.453125,4.8125,1.59375,0.482421875,1.28125,-1.59375,1.6484375,1.1875,2.59375,0.703125,-1.5625,0.3203125,-0.05078125,6.5,1.4921875,2.78125,2.28125,-0.48828125,-0.69140625,0.482421875,1.5,3.140625,-4.15625,2.34375,14.375,0.7734375,2.9375,-3.171875,-7.59375,2.6875,-6.71875,-0.0859375,-1.734375,3.984375,0.1484375,-3.515625,-0.123046875,-0.9765625,2.796875,1.171875,-0.22265625,1.28125,0.0625,-1.5859375,-8.1875,0.53125,-0.90234375,-0.01171875,-2.1875,4.21875,-1.734375,-4.6875,-3.484375,3.265625,-2.6875,1.1328125,1.484375,1.015625,1.078125,-0.546875,0.6015625,0.9453125,1.578125,-2.3125,8.0625,19.875,0.140625,-0.59375,1.171875,2.0,-0.87890625,0.1484375,2.03125,-1.953125,0.7890625,3.234375,-1.9453125,0.19921875,1.921875,-1.15625,-2.15625,1.859375,2.296875,5.3125,-0.388671875,1.3046875,-3.3125,8.5625,-2.859375,1.0390625,3.546875,-1.2109375,1.5078125,-1.453125,-6.125,-1.6015625,1.203125,-1.4375,-6.875,1.640625,-14.125,0.77734375,-1.9921875,-9.5,-5.4375,-26.0,0.94140625,-1.2578125,2.65625,-0.859375,-0.5546875,-1.546875,1.53125,1.234375,-0.34375,2.4375,-0.51953125,0.12109375,-1.71875,1.9921875,-0.7109375,0.240234375,-0.32421875,-3.453125,1.2109375,1.9140625,-0.77734375,-0.73046875,1.109375,2.71875,1.453125,2.65625,-4.96875,1.640625,-1.1328125,-16.0,-1.5234375,3.234375,0.0966796875,-0.56640625,-8.8125,-0.1953125,1.2265625,3.09375,-1.9609375,-1.8203125,0.76953125,-3.453125,5.6875,-1.3125,8.125,-2.078125,-0.01025390625,1.734375,3.09375,-1.15625,0.423828125,3.078125,-1.28125,2.015625,2.359375,3.1875,2.5,-0.3671875,-1.1484375,3.34375,-2.75,10.375,1.4375,-0.51171875,2.796875,1.75,0.40234375,-0.55859375,-0.5703125,-1.9453125,2.25,-1.953125,-0.80859375,0.166015625,-0.92578125,0.44140625,1.71875,1.0703125,-5.65625,-2.515625,0.75,5.46875,8.5625,-2.59375,2.1875,0.00390625,-11.375,-0.40625,2.15625,-1.875,2.875,-2.171875,1.0859375,-2.625,-1.0,-0.1640625,1.7421875,1.7578125,-2.84375,-1.671875,3.625,0.41796875,5.09375,-2.5625,-5.4375,0.49609375,-1.546875,0.1953125,-0.8359375,-0.0654296875,-0.1796875,-0.25,-0.15625,2.609375,-4.34375,0.66796875,-1.546875,-1.5859375,-1.0,1.6875,14.8125,0.2578125,0.064453125,-0.0439453125,-0.4140625,-0.1328125,-10.5,1.234375,1.6171875,2.390625,-1.671875,-1.515625,-0.6796875,3.4375,0.41796875,2.78125,0.5703125,-1.1796875,8.25,-2.625,0.390625,0.98828125,1.5625,1.125,1.8828125,0.95703125,-0.80859375,-2.53125,1.234375,-2.59375,8.3125,-1.8125,-1.109375,-0.15234375,7.15625,2.1875,1.2421875,-3.25,-3.65625,-0.6796875,-2.453125,-2.140625,-2.53125,-5.5,-0.68359375,-1.125,-2.3125,5.46875,-0.7578125,0.93359375,1.0625,-3.1875,0.71875,0.32421875,-1.8515625,-2.453125,-2.359375,0.71875,1.59375,0.4609375,5.25,4.28125,2.09375,1.421875,0.625,-2.53125,1.796875,-0.89453125,0.52734375,1.90625,-1.3359375,-0.828125,-0.27734375,0.11328125,3.046875,1.3359375,-1.09375,3.4375,-1.90625,-1.109375,0.28125,-3.9375,2.96875,3.84375,-0.75390625,-19.125,-0.26953125,0.0146484375,2.0625,2.3125,-0.0703125,-3.140625,2.65625,-1.3984375,-1.171875,-1.765625,-1.4765625,-0.10546875,-1.6953125,-2.6875,0.4296875,3.21875,3.703125,-1.4140625,5.21875,7.5625,1.984375,0.431640625,3.75,2.046875,-1.6796875,-1.125,-0.5625,-2.375,-0.322265625,-1.03125,-1.4140625,5.625,0.88671875,1.859375,2.140625,-0.138671875,0.0078125,0.30078125,-0.8828125,3.28125,-4.6875,-0.81640625,-7.9375,-5.0,-1.6015625,1.5078125,-3.6875,0.298828125,-1.8046875,-1.40625,22.875,3.65625,-1.03125,1.8828125,3.1875,-2.171875,2.84375,3.21875,2.140625,-0.0146484375,-0.4140625,0.0252685546875,-1.453125,3.15625,0.40234375,-1.5625,0.3125,-1.109375,-5.03125,-0.0078125,3.359375,-7.15625,-3.5,2.375,0.8203125,-0.2001953125,0.96484375,3.765625,1.234375,-0.96484375,3.53125,0.47265625,1.6796875,0.021484375,2.78125,1.390625,4.1875,-3.5625,-0.2890625,3.453125,1.75,1.46875,-3.734375,-1.9609375,-0.171875,0.79296875,9.0625,-1.546875,1.7578125,9.3125,2.234375,-1.25,0.1640625,1.5234375,-1.703125,-0.53515625,-1.984375,-0.1826171875,-2.125,-3.40625,1.625,-0.0078125,1.2734375,-4.28125,-0.3828125,2.78125,-4.25,2.71875,-1.9453125,-0.021484375,-2.8125,6.8125,0.4609375,0.53515625,2.171875,-9.8125,0.236328125,0.58984375,-1.5,-0.703125,1.953125,4.9375,-3.578125,0.3515625,0.609375,-0.8828125,-2.9375,-0.23046875,3.265625,-0.171875,1.9140625,-1.265625,0.8828125,3.40625,-2.015625,0.9296875,0.87890625,-1.078125,-0.78125,-0.7890625,3.265625,-0.203125,1.671875,-2.328125,-4.28125,-0.296875,-6.28125,1.03125,-1.9140625,2.546875,-4.15625,1.140625,1.0,1.8828125,10.625,0.01171875,-0.43359375,0.1484375,0.859375,-0.44921875,1.890625,-0.9609375,-0.1171875,-0.92578125,1.234375,-0.234375,3.8125,-0.55078125,5.53125,2.296875,2.40625,1.3984375,1.0,-0.59765625,0.375,8.875,-4.375,-2.71875,-0.20703125,-1.3828125,1.1953125,1.515625,-2.203125,4.3125,1.6953125,5.4375,0.8046875,-1.5546875,-1.0859375,1.96875,2.15625,6.6875,-0.142578125,0.01171875,-0.28125,-3.109375,-1.9296875,-0.5234375,-2.40625,-1.9921875,-1.765625,-3.25,0.6796875,-4.34375,-2.0625,1.265625,-2.25,-0.3203125,1.3125,-0.515625,-12.125,2.5,3.125,1.9609375,-0.8671875,1.1015625,2.671875,-3.703125,3.765625,8.625,1.5,-2.328125,0.109375,-1.453125,3.28125,-1.546875,-1.90625,1.3984375,-0.1826171875,0.14453125,-2.84375,-1.2734375,0.60546875,-2.40625,-2.171875,0.58203125,2.1875,-1.609375,1.90625,-1.546875,-1.1171875,0.15625,0.578125,-3.0625,6.9375,-5.28125,0.87890625,-1.546875,-0.29296875,1.25,1.7890625,-2.328125,-2.859375,-0.384765625,2.625,0.90625,-0.142578125,1.40625,-0.421875,-0.15625,0.5859375,6.25,-0.859375,-2.34375,-9.0,-0.1630859375,-0.80078125,-0.14453125,-2.34375,-3.703125,2.671875,-3.46875,-0.859375,1.2890625,-0.02734375,0.74609375,1.71875,-3.640625,-1.9140625,0.125,0.30859375,-2.9375,-1.7890625,-1.859375,2.375,4.65625,-0.123046875,2.796875,-0.73828125,2.1875,12.75,-2.109375,1.21875,1.71875,-0.12109375,-1.515625,-0.609375,-4.78125,-0.2421875,-0.9296875,2.875,-0.109375,1.1875,8.8125,-0.99609375,-0.21875,-1.859375,0.78125,0.640625,2.796875,-2.171875,0.10205078125,1.515625,1.6796875,0.578125,1.40625,-2.84375,3.1875,-0.921875,4.9375,0.18359375,-0.296875,0.92578125,0.109375,-0.6875,-0.6796875,-0.67578125,-1.3359375,-1.0625,4.6875,1.78125,5.6875,-3.65625,2.15625,1.109375,-0.45703125,-1.2734375,-1.65625,1.4453125,1.109375,-0.0009765625,-0.90625,6.6875,2.03125,1.7109375,0.78515625,-0.69921875,1.09375,1.34375,-0.8515625,-1.59375,-0.875,1.375,1.625,4.125,-1.328125,-5.6875,2.171875,-0.9609375,14.875,0.97265625,2.96875,-0.40234375,1.09375,0.443359375,1.09375,-4.21875,1.109375,0.447265625,-0.22265625,-0.3203125,-0.47265625,6.59375,3.53125,1.140625,0.01171875,0.0078125,2.4375,-1.171875,-4.375,-2.734375,-1.2890625,0.2421875,-1.6171875,-0.8359375,-1.0703125,-2.21875,2.09375,0.96484375,3.203125,-5.8125,-2.53125,2.65625,3.25,-0.390625,1.203125,-0.75,-0.625,-1.453125,1.40625,-1.34375,-1.421875,5.6875,-3.15625,1.0078125,2.734375,1.3125,0.4296875,5.78125,0.8515625,-0.423828125,-0.9296875,0.109375,-4.53125,0.158203125,-0.140625,-2.234375,1.3671875,0.015625,2.328125,-0.70703125,2.71875,-1.4140625,0.98828125,-0.91015625,2.375,1.015625,10.875,-0.578125,-0.984375,2.53125,3.828125,0.60546875,2.6875,1.4296875,2.40625,0.4453125,2.453125,-0.8203125,-0.279296875,-0.6953125,-6.875,3.25,-1.3515625,1.625,-0.94140625,0.94921875,0.25390625,2.828125,0.40234375,-0.2890625,2.375,-5.75,-1.984375,-2.21875,2.6875,0.3046875,-1.671875,-1.390625,-1.734375,1.09375,0.8671875,0.3515625,0.671875,-6.375,-1.5703125,-3.4375,3.4375,4.09375,-2.203125,-1.25,-3.15625,-0.625,1.703125,0.921875,-2.59375,-1.234375,-12.5625,-2.0,0.8828125,2.140625,0.171875,1.765625,0.60546875,2.359375,-3.203125,0.7109375,0.84765625,0.67578125,-0.11328125,3.015625,-0.5859375,-0.1865234375,1.046875,0.890625,-1.484375,5.6875,1.4375,-1.6875,6.5625,-1.609375,-2.03125,-1.0625,2.46875,0.2265625,-2.34375,-6.71875,1.0234375,-3.671875,-0.6328125,-1.109375,1.5,0.7890625,5.4375,1.046875,0.4921875,1.90625,-3.125,1.5859375,0.19140625,0.4921875,1.2109375,0.5,-1.40625,1.1328125,0.3125,-1.234375,0.37890625,-7.3125,-0.59375,-0.2734375,-3.671875,1.734375,2.09375,3.125,2.484375,-3.015625,-1.6171875,10.75,1.3515625,2.234375,-1.5,6.21875,-2.640625,-0.43359375,0.0234375,-0.27734375,1.1171875,2.265625,-1.15625,-0.28515625,2.015625,-7.1875,-2.578125,-0.2421875,1.609375,1.9375,-0.12890625,0.52734375,-2.40625,-1.359375,-2.71875,-0.765625,2.09375,0.40625,-0.1474609375,3.0625,1.8046875,-0.0859375,-0.203125,0.2578125,2.703125,-2.515625,1.5703125,1.5625,0.34765625,-0.7265625,-10.5,4.21875,-2.375,4.90625,2.1875,-2.109375,-0.8359375,-3.4375,-5.5,4.34375,-5.1875,1.4765625,0.3671875,-3.09375,0.76171875,16.0,-3.078125,3.109375,-2.0,-0.25390625,-2.921875,0.1171875,-1.4375,2.15625,-0.3125,-2.1875,-1.7890625,-3.59375,-0.2734375,0.48828125,-2.40625,-0.78125,-0.72265625,4.46875,1.078125,1.7578125,-0.08203125,-1.1875,0.11328125,0.48828125,-1.203125,1.4140625,0.7734375,1.9765625,-0.8828125,-4.75,-4.28125,-0.40234375,0.78125,-4.96875,-7.625,3.15625,3.8125,-0.7265625,-2.890625,1.28125,-1.484375,-2.078125,-2.21875,-0.265625,-0.0927734375,-3.09375,-0.7265625,2.46875,1.7734375,-2.84375,-2.296875,0.099609375,-0.89453125,2.109375,1.640625,-0.75,5.28125,-0.0078125,-0.65625,-1.4375,3.4375,-2.078125,-1.484375,0.23828125,0.1171875,0.203125,3.671875,-1.4453125,2.375,4.5625,1.734375,2.265625,-0.05859375,-1.8515625,4.6875,0.462890625,4.75,0.62890625,-0.0859375,0.68359375,-0.8046875,-0.921875,-1.125,-0.3828125,-1.78125,-0.81640625,-0.1328125,-0.8125,1.3984375,5.9375,-2.515625,-2.078125,5.09375,0.9765625,-1.265625,2.65625,0.859375,0.6953125,0.33203125,-10.375,1.1953125,-0.046875,-1.796875,0.484375,1.3984375,2.546875,-0.466796875,-3.65625,1.71875,0.66015625,3.25,-1.53125,-3.234375,-2.96875,16.875,-0.08984375,-2.59375,4.53125,0.3984375,1.1875,-0.21875,2.15625,10.1875,-8.6875,0.85546875,-2.671875,0.43359375,0.05859375,0.8984375,-0.78125,-3.875,-0.69921875,-4.0625,-0.06640625,-1.078125,0.71875,0.23046875,1.1328125,0.16015625,-0.2265625,-0.51953125,-2.203125,0.56640625,-0.0234375,2.21875,3.125,1.25,-2.65625,0.125,3.59375,-0.1640625,0.96875,-0.341796875,-3.140625,2.125,0.474609375,1.2890625,1.9609375,-6.375,0.55078125,2.9375,0.85546875,-0.5234375,4.96875,0.015625,1.0234375,-0.34375,-1.0390625,-1.0546875,3.359375,-1.5703125,0.72265625,2.875,9.75,0.224609375,-0.71484375,1.71875,1.734375,-0.45703125,0.3515625,0.08203125,2.8125,-3.40625,-0.56640625,-3.203125,0.02734375,1.5625,-0.05859375,3.21875,0.60546875,-0.546875,3.125,-3.734375,0.46875,19.875,6.3125,1.609375,1.171875,-0.294921875,0.94921875,1.171875,0.13671875,0.55859375,-0.8125,1.7109375,0.7265625,-7.46875,-31.125,-0.1015625,-1.9140625,-2.140625,-1.9765625,0.06640625,-1.734375,-3.859375,-2.3125,0.53125,-3.34375,-1.3671875,-0.625,-0.1796875,-2.078125,5.34375,2.015625,-0.73046875,-2.6875,1.25,-1.859375,-2.96875,-0.78515625,-2.9375,0.388671875,1.078125,-1.6953125,-1.5078125,1.34375,0.6953125,2.46875,-0.6484375,-4.40625,-3.453125,3.375,-2.78125,-0.796875,-0.29296875,14.8125,-0.6171875,3.78125,1.65625,0.48828125,-0.439453125,1.671875,-0.05859375,-9.1875,-2.875,-1.28125,-4.1875,1.6015625,-2.078125,-2.3125,-0.671875,0.44921875,7.40625,-6.125,-0.83203125,0.05859375,0.169921875,2.4375,-0.2421875,-0.80078125,2.375,-1.8828125,110.0,1.4296875,3.59375,-2.40625,1.671875,2.453125,3.96875,-2.21875,2.796875,0.765625,0.89453125,1.3125,1.390625,-2.828125,8.6875,-0.30078125,-0.88671875,2.96875,-2.078125,-3.640625,-3.0,1.359375,-4.46875,-1.1015625,-1.546875,1.671875,-1.28125,0.5546875,-1.6015625,-0.28125,-4.40625,5.34375,1.296875,-0.3125,3.1875,-0.302734375,-0.5625,-2.8125,-1.46875,0.451171875,5.96875,0.60546875,-2.40625,0.3203125,1.4921875,-0.60546875,-0.02685546875,-1.09375,4.25,0.640625,0.9921875,-1.8203125,-0.63671875,1.734375,1.875,0.359375,-0.060546875,0.369140625,1.453125,1.8515625,0.99609375,-0.6796875,1.5234375,-2.703125,1.328125,1.84375,-7.625,0.7109375,8.5625,14.5625,-0.9765625,-0.7109375,-1.796875,1.640625,0.484375,1.84375,-1.9921875,-0.7734375,0.85546875,-0.31640625,-1.203125,-0.259765625,6.4375,0.9453125,1.1015625,-0.0859375,7.03125,3.375,-1.1796875,2.3125,0.734375,-0.828125,0.7265625,-1.984375,-1.8984375,-0.15625,0.08984375,7.03125,8.9375,1.0625,-46.5,-0.765625,2.203125,0.5703125,1.671875,1.953125,-1.4375,4.53125,-0.4453125,-1.0078125,6.4375,-2.734375,-2.046875,-2.09375,1.078125,7.0625,1.140625,2.6875,-2.375,-5.5,2.5,-2.359375,0.51953125,0.140625,0.51171875,-1.7265625,1.796875,-17.125,0.50390625,-1.1171875,-2.0625,-0.96484375,0.796875,-0.6875,1.53125,0.8046875,-0.337890625,-0.76953125,2.0,-2.625,-1.75,0.46875,0.765625,0.671875,-5.9375,1.1171875,-0.96875,-0.2265625,-0.609375,0.373046875,0.796875,-4.875,2.65625,-2.015625,-1.3203125,-0.62890625,-5.3125,-3.84375,-0.625,-3.125,1.0625,-2.796875,-2.515625,1.3828125,3.21875,-1.25,-1.078125,-1.8125,-0.044921875,-0.0625,-1.328125,-1.671875,10.0625,5.59375,3.09375,0.07421875,3.046875,-1.171875,1.0625,1.953125,-0.53125,-3.515625,0.1240234375,3.09375,-3.828125,-0.109375,2.84375,-0.46875,-5.34375,-0.9609375,0.419921875,-4.53125,-0.06884765625,-2.859375,5.65625,-1.9453125,0.765625,0.6640625,0.671875,-1.875,0.02734375,3.25,-1.8828125,-0.83203125,-1.296875,7.8125,-0.46875,-6.75,0.79296875,0.2421875,-2.84375,1.59375,0.515625,2.71875,14.1875,-2.40625,1.609375,3.21875,0.84765625,-11.75,-3.078125,4.65625,1.953125,1.875,-4.75,0.37890625,3.34375,-0.16015625,4.375,-4.125,1.609375,-0.015625,2.40625,0.01171875,2.625,-0.54296875,4.34375,3.8125,-1.5,-1.421875,-0.07421875,-1.7421875,-1.609375,1.0546875,-1.40625,1.828125,-0.27734375,-2.5,-1.828125,-4.25,0.75,0.859375,2.59375,0.0732421875,-6.875,4.71875,2.609375,-0.34765625,-3.4375,-2.4375,0.98828125,2.421875,1.8671875,-38.0,-0.65625,1.09375,0.515625,-1.203125,1.8203125,1.03125,-1.3046875,0.01953125,1.828125,1.75,0.1806640625,-2.203125,0.98828125,-2.015625,-0.451171875,-0.61328125,1.6328125,0.37109375,2.59375,-0.396484375,-1.2578125,-1.109375,-0.00390625,-3.6875,0.984375,2.53125,7.90625,-1.3984375,-0.359375,3.125,0.1171875,-3.375,0.88671875,-3.84375,1.4296875,0.546875,-1.046875,-2.921875,-6.125,3.1875,-2.3125,-3.5625,1.109375,-3.0,0.01171875,2.140625,2.984375,0.275390625,-1.5,0.97265625,0.31640625,0.99609375,-0.4296875,-1.625,2.015625,-1.15625,8.0,0.55859375,0.046875,0.119140625,0.2099609375,0.9609375,-0.1923828125,-9.75,2.453125,1.0703125,0.3984375,1.4453125,1.046875,1.390625,4.3125,-0.146484375,-1.265625,0.177734375,0.015625,-3.640625,-0.91015625,1.2421875,-4.15625,0.7421875,2.546875,-0.47265625,-2.34375,-2.8125,-0.7890625,-4.75,-0.56640625,-0.94921875,-0.8125,4.53125,0.921875,-0.609375,-3.015625,-0.291015625,-0.4921875,-0.8359375,0.046875,1.375,0.169921875,0.00390625,0.44921875,0.37109375,0.8984375,-3.359375,-4.09375,0.9296875,-0.26953125,-2.21875,-1.265625,-0.75390625,-1.0859375,0.12890625,0.29296875,-2.15625,-1.5625,-8.0625,2.296875,-1.328125,-0.62890625,-1.734375,-7.75,0.427734375,-0.0263671875,-0.765625,-0.609375,0.203125,1.390625,2.71875,1.2109375,-2.921875,3.796875,-0.298828125,1.796875,-2.25,0.76953125,-1.28125,-4.34375,1.4375,0.71875,4.0625,-0.06640625,-7.15625,-3.1875,2.078125,1.5625,9.5,0.28515625,-8.1875,0.5078125,-0.02734375,-3.109375,0.3203125,2.671875,-1.0234375,-2.84375,-0.8828125,-1.140625,-1.9140625,-8.625,0.81640625,-2.328125,-1.03125,-1.8984375,-0.45703125,-0.9296875,3.375,0.39453125,-0.86328125,2.25,-0.13671875,2.0625,-1.203125,-1.1796875,-3.75,2.09375,-0.8125,1.65625,1.640625,-4.84375,1.59375,0.7890625
